"Time [s]"	"0.15 Hz"	"0.3 Hz"	"0.5 Hz"	"1 Hz"	"10 Hz"
0	0	0	0	0	0
9	9.62e-033	1.24e-032	3.4e-033	7.63e-033	7.62e-033
18	1.13e-032	1.71e-032	1.03e-032	1.64e-032	1.51e-032
27	1.75e-032	2.44e-032	1.93e-032	2.39e-032	1.54e-032
36	2.31e-032	3.4e-032	2.72e-032	3.54e-032	1.91e-032
45	2.44e-032	3.39e-032	3.39e-032	4.38e-032	2.79e-032
54	3.4e-032	5.47e-032	4.15e-032	5.64e-032	3.88e-032
63.1	4.07e-032	7.94e-032	5.56e-032	7.32e-032	5.06e-032
72.1	5.09e-032	9.28e-032	6.54e-032	8.74e-032	6.12e-032
81.1	6.64e-032	9.86e-032	8.65e-032	1.05e-031	6.31e-032
90.1	8.99e-032	1.02e-031	9.51e-032	1.3e-031	6.29e-032
99.1	1.07e-031	1.4e-031	1.07e-031	1.51e-031	6.27e-032
108	1.36e-031	1.87e-031	1.06e-031	1.98e-031	7.17e-032
117	1.78e-031	1.95e-031	1.62e-031	2.33e-031	1.15e-031
126	2.11e-031	2.4e-031	2.08e-031	3.11e-031	1.87e-031
135	2.77e-031	3.71e-031	2.61e-031	4.02e-031	2.36e-031
144	3.62e-031	4.1e-031	3.35e-031	4.71e-031	2.94e-031
153	4.37e-031	4.62e-031	3.99e-031	6.42e-031	3.84e-031
162	4.35e-031	7.06e-031	5.23e-031	8.03e-031	4.97e-031
171	6.27e-031	8.46e-031	6.7e-031	1.17e-030	6.98e-031
180	9.13e-031	8.57e-031	8.84e-031	1.79e-030	7.83e-031
189	1.57e-030	1.39e-030	9.3e-031	2.42e-030	8.73e-031
198	2.31e-030	2.48e-030	1.3e-030	3.23e-030	1.17e-030
207	3.43e-030	2.59e-030	1.73e-030	4.39e-030	2.16e-030
216	4.7e-030	4.29e-030	2.38e-030	7.65e-030	3.56e-030
225	5.98e-030	6.4e-030	3.37e-030	1.16e-029	5.65e-030
234	8.09e-030	7.5e-030	4.55e-030	1.67e-029	8.89e-030
243	1.25e-029	9.01e-030	5.93e-030	2.29e-029	1.18e-029
252	1.64e-029	1.68e-029	7.63e-030	3.97e-029	1.17e-029
261	2.42e-029	2.17e-029	1.1e-029	6.77e-029	1.17e-029
270	3.83e-029	2.61e-029	1.51e-029	7.47e-029	1.16e-029
279	5.11e-029	3.4e-029	2.02e-029	7.44e-029	1.64e-029
288	7.94e-029	5.27e-029	2.82e-029	7.4e-029	2.1e-029
297	9.17e-029	7.03e-029	4.04e-029	7.37e-029	2.09e-029
306	9.12e-029	9.59e-029	5.06e-029	1.49e-028	2.57e-029
315	9.08e-029	1.69e-028	6.66e-029	3.07e-028	8.89e-029
324	1.76e-028	2.36e-028	9.67e-029	5.57e-028	1.75e-028
333	2.82e-028	4.38e-028	1.42e-028	8.33e-028	3.29e-028
342	5.32e-028	4.84e-028	1.86e-028	1.52e-027	5.5e-028
351	7.98e-028	5.59e-028	3.15e-028	1.6e-027	8.81e-028
360	1.1e-027	1.1e-027	4.33e-028	2.01e-027	9.63e-028
369	2.17e-027	1.53e-027	6.12e-028	2.82e-027	1.24e-027
378	2.85e-027	2.05e-027	8.55e-028	3.77e-027	1.91e-027
387	4.73e-027	3.72e-027	1.23e-027	6.44e-027	2.48e-027
396	6.81e-027	5.13e-027	1.44e-027	9.63e-027	4.39e-027
405	8.78e-027	6.06e-027	1.61e-027	1.23e-026	6.3e-027
414	1.23e-026	6.04e-027	2.86e-027	1.7e-026	6.27e-027
423	1.92e-026	9.85e-027	4.32e-027	2.65e-026	6.24e-027
432	3.04e-026	1.17e-026	6.3e-027	3.81e-026	6.21e-027
441	5.33e-026	1.81e-026	8.57e-027	5.43e-026	6.18e-027
450	9.22e-026	2.27e-026	1.17e-026	7.5e-026	6.16e-027
459	1.32e-025	3.34e-026	1.99e-026	1.2e-025	1.06e-026
468	1.65e-025	7.59e-026	2.79e-026	1.61e-025	2.75e-026
477	2.31e-025	1.01e-025	4.18e-026	2.16e-025	4.78e-026
486	2.3e-025	1.54e-025	4.84e-026	3.95e-025	7.82e-026
495	3.55e-025	2.43e-025	5.35e-026	6.2e-025	1.11e-025
504	5.78e-025	3.03e-025	6.89e-026	8.74e-025	1.36e-025
514	8.91e-025	3.02e-025	1.1e-025	1.19e-024	2.04e-025
523	1.65e-024	4.33e-025	2.16e-025	1.73e-024	2.65e-025
532	2.46e-024	6.1e-025	3.81e-025	2.48e-024	2.64e-025
541	3.54e-024	8.53e-025	4.78e-025	3.11e-024	2.63e-025
550	5.9e-024	1.01e-024	7.45e-025	4.14e-024	2.62e-025
559	9.54e-024	1.42e-024	9.71e-025	4.12e-024	4.68e-025
568	1.77e-023	1.69e-024	1.37e-024	4.1e-024	7.56e-025
577	2.56e-023	2.1e-024	2.09e-024	4.08e-024	1.16e-024
586	3.29e-023	2.09e-024	2.78e-024	4.07e-024	2.07e-024
595	3.75e-023	3.88e-024	3.79e-024	4.05e-024	3.3e-024
604	6.5e-023	5.74e-024	5.62e-024	4.03e-024	4.1e-024
613	1.08e-022	6.53e-024	8.46e-024	4.01e-024	5.55e-024
622	1.07e-022	1.08e-023	1.23e-023	2.02e-023	8.75e-024
631	1.07e-022	1.32e-023	1.81e-023	3.84e-023	9.79e-024
640	1.77e-022	1.66e-023	2.62e-023	3.82e-023	1.5e-023
649	4.38e-022	2.54e-023	3.58e-023	3.81e-023	2.29e-023
658	8.27e-022	3.52e-023	5.62e-023	5.93e-023	2.44e-023
667	1.16e-021	6.23e-023	8.24e-023	9.7e-023	2.43e-023
676	1.44e-021	8.9e-023	1.18e-022	1.53e-022	2.41e-023
685	1.44e-021	1.17e-022	1.73e-022	1.52e-022	2.4e-023
694	2.19e-021	1.63e-022	2.48e-022	1.79e-022	2.39e-023
703	3.86e-021	1.95e-022	4.69e-022	3.45e-022	2.66e-023
712	6.86e-021	1.94e-022	8.13e-022	5.57e-022	5.27e-023
721	9.33e-021	2.33e-022	1.1e-021	8.43e-022	9.88e-023
730	1.14e-020	2.87e-022	1.67e-021	1.25e-021	2.4e-022
739	1.9e-020	4.14e-022	2.05e-021	1.84e-021	3.76e-022
748	3.61e-020	5.68e-022	3.41e-021	2.75e-021	4.75e-022
757	6.18e-020	8.43e-022	5.1e-021	4.18e-021	6.18e-022
766	8.91e-020	1.29e-021	7.32e-021	6.52e-021	7.19e-022
775	1.1e-019	2.3e-021	1.11e-020	1.04e-020	9.07e-022
784	1.55e-019	3.83e-021	1.72e-020	1.45e-020	1.52e-021
793	3.04e-019	4.91e-021	2.62e-020	2.02e-020	1.72e-021
802	4.46e-019	7.89e-021	3.23e-020	2.96e-020	1.83e-021
811	6.45e-019	8.65e-021	5.26e-020	4.53e-020	2.79e-021
820	8.5e-019	8.62e-021	7.91e-020	7.09e-020	4e-021
829	1.38e-018	1.01e-020	1.15e-019	1.08e-019	6.3e-021
838	2.06e-018	1.01e-020	1.71e-019	1.49e-019	6.84e-021
847	2.84e-018	1.31e-020	2.64e-019	2.5e-019	7.07e-021
856	5.99e-018	1.31e-020	3.78e-019	4.06e-019	8.7e-021
865	8.24e-018	3.4e-020	5.78e-019	6.39e-019	1.34e-020
874	1.14e-017	5.7e-020	8.9e-019	8.95e-019	1.98e-020
883	1.86e-017	9.84e-020	1.31e-018	1.44e-018	3.23e-020
892	2.59e-017	1.67e-019	1.7e-018	1.96e-018	5.12e-020
901	3.8e-017	2.44e-019	2.63e-018	2.99e-018	8.22e-020
910	6.29e-017	2.82e-019	3.68e-018	5.12e-018	1.27e-019
919	1.05e-016	3.94e-019	5.13e-018	7.6e-018	1.95e-019
928	1.86e-016	5.46e-019	6.86e-018	1.14e-017	3e-019
937	2.76e-016	8.12e-019	8.37e-018	1.84e-017	4.68e-019
946	4.95e-016	1.13e-018	1.07e-017	3.13e-017	7.47e-019
955	8.48e-016	1.63e-018	2.05e-017	3.81e-017	1.22e-018
964	1.18e-015	1.74e-018	2.85e-017	6.12e-017	2.04e-018
973	1.51e-015	1.92e-018	4.2e-017	9.22e-017	3.48e-018
982	2.39e-015	2.85e-018	4.97e-017	1.25e-016	6.09e-018
991	4.81e-015	4.53e-018	8.13e-017	1.7e-016	1.09e-017
1000	8.76e-015	6.73e-018	8.1e-017	2.79e-016	1.97e-017
1010	1.28e-014	9.06e-018	8.07e-017	4.29e-016	3.65e-017
1020	1.81e-014	1.36e-017	1.33e-016	5.52e-016	6.85e-017
1030	2.52e-014	1.68e-017	2.17e-016	7.58e-016	1.3e-016
1040	4.32e-014	3.28e-017	3.07e-016	9.47e-016	2.5e-016
1050	6.35e-014	5.07e-017	4.83e-016	1.3e-015	4.86e-016
1050	9.5e-014	7.12e-017	6.43e-016	2.06e-015	7.88e-016
1060	1.66e-013	7.51e-017	8.52e-016	4.22e-015	1.29e-015
1070	2.81e-013	1.12e-016	9.99e-016	7.36e-015	2.53e-015
1080	4.02e-013	1.42e-016	1.67e-015	1.21e-014	4.33e-015
1090	5.71e-013	2.27e-016	2.34e-015	1.95e-014	7.7e-015
1100	7.98e-013	3.26e-016	2.85e-015	3.14e-014	1.16e-014
1110	1.27e-012	4.65e-016	4.64e-015	5.1e-014	2.45e-014
1120	2.06e-012	7.75e-016	6.35e-015	8.4e-014	4.95e-014
1130	2.79e-012	1.04e-015	8.69e-015	1.19e-013	1.05e-013
1140	5.55e-012	1.47e-015	1.35e-014	1.65e-013	2.02e-013
1140	9.44e-012	1.78e-015	1.54e-014	2.11e-013	3.78e-013
1150	1.18e-011	2.78e-015	2.2e-014	3.25e-013	6.98e-013
1160	1.46e-011	3.25e-015	3e-014	4.77e-013	1.29e-012
1170	2.2e-011	4.9e-015	4.29e-014	6.8e-013	2.4e-012
1180	3.01e-011	8.73e-015	6.25e-014	1.27e-012	4.49e-012
1190	4.95e-011	9.63e-015	8.34e-014	1.78e-012	8.49e-012
1200	7.04e-011	1.45e-014	1.16e-013	1.77e-012	1.39e-011
1210	9.76e-011	2.28e-014	1.45e-013	2.96e-012	1.38e-011
1220	1.56e-010	2.85e-014	2.24e-013	4.99e-012	1.37e-011
1230	2.12e-010	4.28e-014	3.24e-013	8.94e-012	1.37e-011
1230	3e-010	5.29e-014	4.18e-013	1.58e-011	3.26e-011
1240	4.72e-010	9.36e-014	5.37e-013	2.59e-011	7.98e-011
1250	7.27e-010	1.45e-013	8.07e-013	4.46e-011	1.45e-010
1260	1.06e-009	1.45e-013	1.17e-012	6e-011	2.8e-010
1270	1.57e-009	1.97e-013	1.61e-012	6.52e-011	5.11e-010
1280	2.35e-009	2.35e-013	2.14e-012	9.51e-011	8.46e-010
1290	3.29e-009	3.35e-013	2.77e-012	1.45e-010	1.16e-009
1300	3.69e-009	5.53e-013	4.04e-012	2.19e-010	1.76e-009
1310	5.01e-009	6.82e-013	5.56e-012	3.33e-010	2.77e-009
1320	7.99e-009	9.49e-013	8.61e-012	4.73e-010	4.08e-009
1320	1.27e-008	1.63e-012	1.19e-011	6.49e-010	5.9e-009
1330	2.3e-008	2.35e-012	1.96e-011	1e-009	8.61e-009
1340	2.79e-008	3.21e-012	2.41e-011	1.42e-009	9.82e-009
1350	2.78e-008	5.23e-012	2.93e-011	2.03e-009	1.29e-008
1360	2.9e-008	6.63e-012	4.13e-011	3.22e-009	1.88e-008
1370	5.5e-008	9.53e-012	5.58e-011	5.75e-009	2.78e-008
1380	7.96e-008	1.36e-011	7.36e-011	9.52e-009	4.49e-008
1390	1.13e-007	1.79e-011	1.18e-010	1.54e-008	6.07e-008
1400	1.77e-007	2.18e-011	2.07e-010	2.46e-008	8.07e-008
1410	2.8e-007	2.92e-011	3.13e-010	3.98e-008	9.22e-008
1410	3.73e-007	4.23e-011	4.24e-010	6.5e-008	1.47e-007
1420	5.42e-007	6.64e-011	5.66e-010	1.08e-007	2.02e-007
1430	6.81e-007	8.35e-011	7.44e-010	1.82e-007	2.82e-007
1440	7.71e-007	1.22e-010	1.01e-009	3.14e-007	3.02e-007
1450	0.00000118	1.47e-010	1.44e-009	5.49e-007	5.44e-007
1460	0.00000152	2.16e-010	2.06e-009	9.75e-007	8.87e-007
1470	0.00000273	3.63e-010	2.54e-009	0.00000176	0.00000105
1480	0.00000298	5.26e-010	3.78e-009	0.00000321	0.00000137
1490	0.00000385	6.29e-010	5.49e-009	0.00000593	0.00000202
1500	0.0000058	9.15e-010	8.38e-009	0.0000111	0.00000314
1500	0.000008	1.43e-009	1.18e-008	0.0000201	0.00000394
1510	0.00000809	2.06e-009	1.53e-008	0.0000343	0.00000422
1520	0.000013	3.07e-009	2.06e-008	0.000068	0.0000059
1530	0.0000213	4.2e-009	2.75e-008	0.000135	0.00000835
1540	0.0000263	4.43e-009	4.32e-008	0.000171	0.00001
1550	0.0000328	6.32e-009	6.81e-008	0.00017	0.00000999
1560	0.0000338	7.37e-009	9.21e-008	0.000333	0.00000995
1570	0.0000337	7.33e-009	1.32e-007	0.000839	0.0000099
1580	0.000049	9.31e-009	1.7e-007	0.00139	0.0000185
1590	0.000068	2.14e-008	2.34e-007	0.00227	0.0000214
1590	0.0000992	2.13e-008	3.45e-007	0.0038	0.0000293
1600	0.000146	3.9e-008	4.7e-007	0.00606	0.0000442
1610	0.000145	4.28e-008	6.52e-007	0.00987	0.0000557
1620	0.000212	5.72e-008	8.94e-007	0.0139	0.0000931
1630	0.000237	9.76e-008	9.73e-007	0.0213	0.000124
1640	0.000306	1.39e-007	0.00000138	0.0319	0.000152
1650	0.00044	1.9e-007	0.0000022	0.0477	0.000232
1660	0.000694	2.84e-007	0.0000028	0.0731	0.000348
1670	0.000827	3.55e-007	0.00000426	0.106	0.000438
1680	0.00113	4.99e-007	0.00000575	0.17	0.000643
1680	0.00118	8.19e-007	0.00000846	0.2	0.000922
1690	0.0015	0.00000104	0.00000922	0.199	0.00122
1700	0.00214	0.00000161	0.0000141	0.333	0.00192
1710	0.00272	0.0000016	0.0000166	0.423	0.00247
1720	0.00286	0.00000198	0.0000239	0.542	0.00315
1730	0.00419	0.00000285	0.0000327	0.836	0.00416
1740	0.00526	0.00000428	0.0000462	0.832	0.00558
1750	0.00691	0.00000603	0.0000686	0.828	0.00809
1760	0.00788	0.0000109	0.0000872	0.824	0.0118
1770	0.00785	0.0000147	0.000121	0.968	0.0117
1770	0.0114	0.00002	0.000167	1.73	0.014
1780	0.0163	0.0000293	0.00022	2.29	0.0256
1790	0.02	0.0000393	0.000321	3.13	0.0274
1800	0.02	0.0000452	0.000484	3.98	0.0273
1810	0.0259	0.0000636	0.000611	4.93	0.0404
1820	0.0327	0.0000788	0.000656	5.57	0.0557
1830	0.0406	0.000106	0.00097	6.11	0.0853
1840	0.0404	0.000142	0.00147	6.65	0.0921
1850	0.0402	0.000193	0.00203	6.98	0.0917
1860	0.0401	0.000305	0.00238	7.62	0.108
1860	0.0556	0.00054	0.00322	8.31	0.18
1870	0.0753	0.000684	0.00439	8.95	0.179
1880	0.109	0.000902	0.00592	9.42	0.179
1890	0.135	0.00139	0.00947	9.83	0.257
1900	0.142	0.00192	0.0128	10.3	0.34
1910	0.194	0.00247	0.0174	10.6	0.489
1920	0.231	0.00342	0.0277	10.9	0.775
1930	0.289	0.00381	0.0422	11.2	0.94
1940	0.318	0.00583	0.0545	11.4	1.09
1950	0.378	0.00896	0.0736	11.5	1.25
1950	0.484	0.00997	0.106	11.6	1.6
1960	0.614	0.0138	0.105	11.7	1.85
1970	0.611	0.017	0.18	11.8	2.4
1980	0.807	0.0229	0.223	11.9	2.89
1990	1.01	0.0252	0.262	11.8	3.51
2000	1.01	0.0365	0.372	11.8	3.83
2010	1.2	0.0418	0.555	11.8	4.57
2020	1.45	0.0483	0.749	11.8	5.28
2030	1.76	0.0616	1.07	11.8	5.45
2040	2.3	0.0928	1.31	11.7	5.44
2050	2.36	0.135	1.4	11.7	5.42
2050	2.88	0.16	1.94	11.7	5.41
2060	3.7	0.232	2.73	11.7	5.4
2070	3.75	0.341	3.48	11.7	5.39
2080	4.49	0.429	4.49	11.7	5.8
2090	4.87	0.529	5.32	11.7	7.22
2100	5.45	0.686	5.53	11.7	8
2110	5.7	0.887	6.64	11.7	8.56
2120	6.57	1.09	8.1	11.6	9.45
2130	6.55	1.27	8.56	11.6	10.2
2140	7.06	1.55	8.53	11.5	10.8
2140	7.53	1.64	9.28	11.5	11.2
2150	7.95	1.73	9.86	11.4	11.5
2160	8.19	2.24	10.5	11.4	11.8
2170	8.68	2.75	10.7	11.3	12
2180	8.65	3.19	10.6	11.3	12.2
2190	8.61	3.86	10.6	11.2	12.2
2200	8.91	4.23	10.6	11.2	12.3
2210	8.88	5.45	10.8	11.2	12.4
2220	8.84	6.34	10.7	11.2	12.4
2230	9.08	6.64	11	11.2	12.5
2230	9.29	7.11	11.3	11.2	12.5
2240	9.26	7.8	11.4	11.2	12.5
2250	9.43	8.3	11.7	11.1	12.5
2260	9.64	8.52	11.9	11.1	12.5
2270	9.86	8.52	12	11.1	12.5
2280	9.82	9.33	12.1	11.1	12.5
2290	9.98	9.83	12.2	11	12.4
2300	10.1	10.3	12.3	11	12.4
2310	10.2	10.5	12.3	11	12.4
2320	10.3	10.8	12.4	11	12.3
2320	10.4	11	12.4	10.9	12.3
2330	10.4	11.2	12.3	10.9	12.3
2340	10.5	11.2	12.4	10.9	12.3
2350	10.5	11.2	12.4	10.8	12.3
2360	10.5	11.3	12.4	10.8	12.2
2370	10.5	11.5	12.3	10.8	12.2
2380	10.6	11.6	12.3	10.7	12.2
2390	10.6	11.8	12.3	10.7	12.1
2400	10.6	11.9	12.3	10.6	12.1
2410	10.5	11.9	12.2	10.6	12.1
2410	10.6	11.9	12.2	10.6	12
2420	10.6	11.8	12.1	10.5	12
2430	10.6	11.8	12.1	10.5	12
2440	10.6	11.8	12.1	10.5	12
2450	10.5	11.8	12.1	10.4	11.9
2460	10.5	11.8	12.1	10.4	11.9
2470	10.5	11.8	12.1	10.3	11.9
2480	10.5	11.9	12.1	10.3	11.8
2490	10.5	11.9	12	10.3	11.8
2500	10.4	11.8	12	10.2	11.8
2500	10.4	11.8	11.9	10.2	11.7
2510	10.4	11.8	11.9	10.2	11.7
2520	10.4	11.8	11.9	10.1	11.7
2530	10.3	11.8	11.9	10.1	11.6
2540	10.3	11.8	11.9	10	11.6
2550	10.3	11.7	11.8	10	11.5
2560	10.2	11.7	11.8	9.98	11.5
2570	10.2	11.7	11.7	9.94	11.5
2580	10.2	11.7	11.7	9.91	11.4
2590	10.1	11.6	11.7	9.87	11.4
2590	10.1	11.6	11.6	9.84	11.3
2600	10.1	11.6	11.6	9.81	11.3
2610	10	11.5	11.6	9.77	11.3
2620	9.99	11.5	11.5	9.74	11.2
2630	9.96	11.5	11.5	9.71	11.2
2640	9.93	11.4	11.5	9.67	11.1
2650	9.89	11.4	11.4	9.64	11.1
2660	9.86	11.4	11.4	9.61	11.1
2670	9.82	11.3	11.4	9.58	11
2680	9.79	11.3	11.3	9.54	11
2680	9.75	11.2	11.3	9.51	10.9
2690	9.72	11.2	11.3	9.48	10.9
2700	9.69	11.2	11.2	9.45	10.9
2710	9.66	11.1	11.2	9.42	10.8
2720	9.62	11.1	11.2	9.39	10.8
2730	9.59	11.1	11.1	9.36	10.7
2740	9.56	11	11.1	9.33	10.7
2750	9.53	11	11	9.3	10.7
2760	9.5	10.9	11	9.27	10.6
2770	9.46	10.9	10.9	9.24	10.6
2770	9.43	10.9	10.9	9.21	10.6
2780	9.4	10.8	10.9	9.18	10.5
2790	9.37	10.8	10.8	9.15	10.5
2800	9.34	10.7	10.8	9.12	10.4
2810	9.3	10.7	10.7	9.09	10.4
2820	9.27	10.7	10.7	9.06	10.4
2830	9.24	10.6	10.7	9.03	10.3
2840	9.21	10.6	10.6	9.01	10.3
2850	9.18	10.6	10.6	8.98	10.3
2860	9.15	10.5	10.6	8.95	10.2
2860	9.12	10.5	10.5	8.92	10.2
2870	9.09	10.4	10.5	8.9	10.2
2880	9.06	10.4	10.4	8.87	10.1
2890	9.03	10.4	10.4	8.84	10.1
2900	9	10.3	10.4	8.82	10
2910	8.97	10.3	10.3	8.79	10
2920	8.95	10.3	10.3	8.76	9.98
2930	8.92	10.2	10.3	8.74	9.94
2940	8.89	10.2	10.2	8.71	9.91
2950	8.86	10.2	10.2	8.69	9.87
2950	8.83	10.1	10.2	8.66	9.84
2960	8.8	10.1	10.1	8.63	9.81
2970	8.78	10	10.1	8.61	9.78
2980	8.75	10	10	8.58	9.74
2990	8.72	9.98	10	8.56	9.71
3000	8.69	9.94	9.98	8.54	9.68
3010	8.67	9.91	9.94	8.51	9.65
3020	8.64	9.87	9.91	8.49	9.61
3030	8.62	9.84	9.88	8.46	9.58
3040	8.59	9.8	9.84	8.44	9.55
3050	8.56	9.77	9.81	8.42	9.52
3050	8.54	9.74	9.78	8.39	9.49
3060	8.51	9.7	9.75	8.37	9.46
3070	8.49	9.67	9.71	8.35	9.43
3080	8.46	9.64	9.68	8.32	9.4
3090	8.44	9.61	9.65	8.3	9.37
3100	8.41	9.58	9.62	8.28	9.34
3110	8.39	9.54	9.59	8.26	9.31
3120	8.36	9.51	9.56	8.23	9.28
3130	8.34	9.48	9.53	8.21	9.25
3140	8.31	9.45	9.49	8.19	9.22
3140	8.29	9.42	9.46	8.17	9.19
3150	8.27	9.39	9.43	8.15	9.17
3160	8.24	9.36	9.4	8.13	9.14
3170	8.22	9.33	9.37	8.1	9.11
3180	8.2	9.3	9.34	8.08	9.08
3190	8.17	9.27	9.32	8.06	9.06
3200	8.15	9.24	9.29	8.04	9.03
3210	8.13	9.21	9.26	8.02	9
3220	8.1	9.18	9.23	8	8.97
3230	8.08	9.15	9.2	7.98	8.95
3230	8.06	9.12	9.17	7.96	8.92
3240	8.04	9.09	9.14	7.94	8.89
3250	8.02	9.07	9.12	7.92	8.87
3260	7.99	9.04	9.09	7.9	8.84
3270	7.97	9.01	9.06	7.88	8.82
3280	7.95	8.98	9.03	7.86	8.79
3290	7.93	8.96	9.01	7.84	8.77
3300	7.91	8.93	8.98	7.82	8.74
3310	7.89	8.9	8.95	7.8	8.72
3320	7.87	8.87	8.93	7.79	8.69
3320	7.85	8.85	8.9	7.77	8.67
3330	7.83	8.82	8.88	7.75	8.64
3340	7.81	8.8	8.85	7.73	8.62
3350	7.79	8.77	8.82	7.71	8.59
3360	7.77	8.74	8.8	7.69	8.57
3370	7.75	8.72	8.77	7.68	8.55
3380	7.73	8.69	8.75	7.66	8.52
3390	7.71	8.67	8.72	7.64	8.5
3400	7.69	8.64	8.7	7.62	8.48
3410	7.67	8.62	8.67	7.61	8.45
3410	7.65	8.59	8.65	7.59	8.43
3420	7.63	8.57	8.63	7.57	8.41
3430	7.61	8.54	8.6	7.55	8.39
3440	7.59	8.52	8.58	7.54	8.36
3450	7.58	8.5	8.55	7.52	8.34
3460	7.56	8.47	8.53	7.5	8.32
3470	7.54	8.45	8.51	7.49	8.3
3480	7.52	8.43	8.48	7.47	8.28
3490	7.5	8.4	8.46	7.45	8.25
3500	7.49	8.38	8.44	7.44	8.23
3500	7.47	8.36	8.42	7.42	8.21
3510	7.45	8.33	8.39	7.41	8.19
3520	7.43	8.31	8.37	7.39	8.17
3530	7.42	8.29	8.35	7.37	8.15
3540	7.4	8.27	8.33	7.36	8.13
3550	7.38	8.25	8.31	7.34	8.11
3560	7.37	8.22	8.28	7.33	8.09
3570	7.35	8.2	8.26	7.31	8.07
3580	7.33	8.18	8.24	7.3	8.05
3590	7.32	8.16	8.22	7.28	8.03
3590	7.3	8.14	8.2	7.27	8.01
3600	7.28	8.12	8.18	7.25	7.99
3610	7.27	8.1	8.16	7.24	7.97
3620	7.25	8.08	8.14	7.22	7.95
3630	7.24	8.05	8.12	7.21	7.93
3640	7.22	8.03	8.1	7.19	7.91
3650	7.2	8.01	8.08	7.18	7.89
3660	7.19	7.99	8.06	7.17	7.88
3670	7.17	7.97	8.04	7.15	7.86
3680	7.16	7.95	8.02	7.14	7.84
3680	7.14	7.93	8	7.12	7.82
3690	7.13	7.91	7.98	7.11	7.8
3700	7.11	7.9	7.96	7.1	7.78
3710	7.1	7.88	7.94	7.08	7.77
3720	7.08	7.86	7.92	7.07	7.75
3730	7.07	7.84	7.9	7.06	7.73
3740	7.05	7.82	7.88	7.04	7.71
3750	7.04	7.8	7.87	7.03	7.7
3760	7.03	7.78	7.85	7.02	7.68
3770	7.01	7.76	7.83	7	7.66
3770	7	7.75	7.81	6.99	7.65
3780	6.98	7.73	7.79	6.98	7.63
3790	6.97	7.71	7.78	6.97	7.61
3800	6.96	7.69	7.76	6.95	7.59
3810	6.94	7.67	7.74	6.94	7.58
3820	6.93	7.66	7.72	6.93	7.56
3830	6.92	7.64	7.71	6.92	7.55
3840	6.9	7.62	7.69	6.9	7.53
3850	6.89	7.6	7.67	6.89	7.51
3860	6.88	7.59	7.65	6.88	7.5
3860	6.86	7.57	7.64	6.87	7.48
3870	6.85	7.55	7.62	6.86	7.47
3880	6.84	7.54	7.6	6.84	7.45
3890	6.82	7.52	7.59	6.83	7.44
3900	6.81	7.5	7.57	6.82	7.42
3910	6.8	7.49	7.56	6.81	7.41
3920	6.79	7.47	7.54	6.8	7.39
3930	6.77	7.46	7.52	6.79	7.38
3940	6.76	7.44	7.51	6.78	7.36
3950	6.75	7.42	7.49	6.76	7.35
3950	6.74	7.41	7.48	6.75	7.33
3960	6.73	7.39	7.46	6.74	7.32
3970	6.71	7.38	7.45	6.73	7.3
3980	6.7	7.36	7.43	6.72	7.29
3990	6.69	7.35	7.41	6.71	7.27
4000	6.68	7.33	7.4	6.7	7.26
4010	6.67	7.32	7.38	6.69	7.25
4020	6.66	7.3	7.37	6.68	7.23
4030	6.65	7.29	7.36	6.67	7.22
4040	6.63	7.27	7.34	6.66	7.2
4050	6.62	7.26	7.33	6.65	7.19
4050	6.61	7.24	7.31	6.64	7.18
4060	6.6	7.23	7.3	6.63	7.16
4070	6.59	7.21	7.28	6.62	7.15
4080	6.58	7.2	7.27	6.61	7.14
4090	6.57	7.19	7.26	6.6	7.12
4100	6.56	7.17	7.24	6.59	7.11
4110	6.55	7.16	7.23	6.58	7.1
4120	6.54	7.14	7.21	6.57	7.09
4130	6.53	7.13	7.2	6.56	7.07
4140	6.52	7.12	7.19	6.55	7.06
4140	6.51	7.1	7.17	6.54	7.05
4150	6.49	7.09	7.16	6.53	7.03
4160	6.48	7.08	7.15	6.52	7.02
4170	6.47	7.06	7.13	6.51	7.01
4180	6.46	7.05	7.12	6.5	7
4190	6.45	7.04	7.11	6.49	6.99
4200	6.44	7.02	7.1	6.48	6.97
4210	6.44	7.01	7.08	6.47	6.96
4220	6.43	7	7.07	6.46	6.95
4230	6.42	6.99	7.06	6.46	6.94
4230	6.41	6.97	7.04	6.45	6.93
4240	6.4	6.96	7.03	6.44	6.91
4250	6.39	6.95	7.02	6.43	6.9
4260	6.38	6.94	7.01	6.42	6.89
4270	6.37	6.92	7	6.41	6.88
4280	6.36	6.91	6.98	6.4	6.87
4290	6.35	6.9	6.97	6.39	6.86
4300	6.34	6.89	6.96	6.39	6.85
4310	6.33	6.88	6.95	6.38	6.84
4320	6.32	6.86	6.94	6.37	6.83
4320	6.31	6.85	6.92	6.36	6.81
4330	6.31	6.84	6.91	6.35	6.8
4340	6.3	6.83	6.9	6.34	6.79
4350	6.29	6.82	6.89	6.34	6.78
4360	6.28	6.81	6.88	6.33	6.77
4370	6.27	6.8	6.87	6.32	6.76
4380	6.26	6.79	6.86	6.31	6.75
4390	6.25	6.77	6.85	6.31	6.74
4400	6.25	6.76	6.84	6.3	6.73
4410	6.24	6.75	6.82	6.29	6.72
4410	6.23	6.74	6.81	6.28	6.71
4420	6.22	6.73	6.8	6.27	6.7
4430	6.21	6.72	6.79	6.27	6.69
4440	6.21	6.71	6.78	6.26	6.68
4450	6.2	6.7	6.77	6.25	6.67
4460	6.19	6.69	6.76	6.24	6.66
4470	6.18	6.68	6.75	6.24	6.65
4480	6.17	6.67	6.74	6.23	6.64
4490	6.17	6.66	6.73	6.22	6.63
4500	6.16	6.65	6.72	6.22	6.62
4500	6.15	6.64	6.71	6.21	6.61
4510	6.14	6.63	6.7	6.2	6.6
4520	6.14	6.62	6.69	6.19	6.59
4530	6.13	6.61	6.68	6.19	6.58
4540	6.12	6.6	6.67	6.18	6.58
4550	6.11	6.59	6.66	6.17	6.57
4560	6.11	6.58	6.65	6.17	6.56
4570	6.1	6.57	6.64	6.16	6.55
4580	6.09	6.56	6.63	6.15	6.54
4590	6.08	6.55	6.62	6.15	6.53
4590	6.08	6.54	6.61	6.14	6.52
4600	6.07	6.53	6.6	6.13	6.51
4610	6.06	6.52	6.59	6.13	6.5
4620	6.06	6.51	6.59	6.12	6.5
4630	6.05	6.5	6.58	6.11	6.49
4640	6.04	6.5	6.57	6.11	6.48
4650	6.04	6.49	6.56	6.1	6.47
4660	6.03	6.48	6.55	6.09	6.46
4670	6.02	6.47	6.54	6.09	6.45
4680	6.02	6.46	6.53	6.08	6.45
4680	6.01	6.45	6.52	6.08	6.44
4690	6	6.44	6.51	6.07	6.43
4700	6	6.43	6.51	6.06	6.42
4710	5.99	6.43	6.5	6.06	6.41
4720	5.98	6.42	6.49	6.05	6.41
4730	5.98	6.41	6.48	6.05	6.4
4740	5.97	6.4	6.47	6.04	6.39
4750	5.97	6.39	6.46	6.03	6.38
4760	5.96	6.38	6.46	6.03	6.37
4770	5.95	6.38	6.45	6.02	6.37
4770	5.95	6.37	6.44	6.02	6.36
4780	5.94	6.36	6.43	6.01	6.35
4790	5.93	6.35	6.42	6	6.34
4800	5.93	6.34	6.42	6	6.34
4810	5.92	6.34	6.41	5.99	6.33
4820	5.92	6.33	6.4	5.99	6.32
4830	5.91	6.32	6.39	5.98	6.31
4840	5.91	6.31	6.38	5.98	6.31
4850	5.9	6.3	6.38	5.97	6.3
4860	5.89	6.3	6.37	5.97	6.29
4860	5.89	6.29	6.36	5.96	6.29
4870	5.88	6.28	6.35	5.96	6.28
4880	5.88	6.27	6.35	5.95	6.27
4890	5.87	6.27	6.34	5.94	6.26
4900	5.87	6.26	6.33	5.94	6.26
4910	5.86	6.25	6.32	5.93	6.25
4920	5.85	6.25	6.32	5.93	6.24
4930	5.85	6.24	6.31	5.92	6.24
4940	5.84	6.23	6.3	5.92	6.23
4950	5.84	6.22	6.3	5.91	6.22
4950	5.83	6.22	6.29	5.91	6.22
4960	5.83	6.21	6.28	5.9	6.21
4970	5.82	6.2	6.27	5.9	6.2
4980	5.82	6.2	6.27	5.89	6.2
4990	5.81	6.19	6.26	5.89	6.19
5000	5.81	6.18	6.25	5.88	6.18
5010	5.8	6.18	6.25	5.88	6.18
5020	5.8	6.17	6.24	5.87	6.17
5030	5.79	6.16	6.23	5.87	6.17
5040	5.79	6.16	6.23	5.87	6.16
5050	5.78	6.15	6.22	5.86	6.15
5050	5.78	6.14	6.21	5.86	6.15
5060	5.77	6.14	6.21	5.85	6.14
5070	5.77	6.13	6.2	5.85	6.14
5080	5.76	6.12	6.19	5.84	6.13
5090	5.76	6.12	6.19	5.84	6.12
5100	5.75	6.11	6.18	5.83	6.12
5110	5.75	6.11	6.18	5.83	6.11
5120	5.75	6.1	6.17	5.82	6.11
5130	5.74	6.09	6.16	5.82	6.1
5140	5.74	6.09	6.16	5.82	6.09
5140	5.73	6.08	6.15	5.81	6.09
5150	5.73	6.07	6.15	5.81	6.08
5160	5.72	6.07	6.14	5.8	6.08
5170	5.72	6.06	6.13	5.8	6.07
5180	5.71	6.06	6.13	5.79	6.07
5190	5.71	6.05	6.12	5.79	6.06
5200	5.7	6.05	6.12	5.79	6.05
5210	5.7	6.04	6.11	5.78	6.05
5220	5.7	6.03	6.1	5.78	6.04
5230	5.69	6.03	6.1	5.77	6.04
5230	5.69	6.02	6.09	5.77	6.03
5240	5.68	6.02	6.09	5.77	6.03
5250	5.68	6.01	6.08	5.76	6.02
5260	5.68	6.01	6.08	5.76	6.02
5270	5.67	6	6.07	5.75	6.01
5280	5.67	5.99	6.06	5.75	6.01
5290	5.66	5.99	6.06	5.75	6
5300	5.66	5.98	6.05	5.74	6
5310	5.66	5.98	6.05	5.74	5.99
5320	5.65	5.97	6.04	5.73	5.99
5320	5.65	5.97	6.04	5.73	5.98
5330	5.64	5.96	6.03	5.73	5.98
5340	5.64	5.96	6.03	5.72	5.97
5350	5.64	5.95	6.02	5.72	5.97
5360	5.63	5.95	6.02	5.72	5.96
5370	5.63	5.94	6.01	5.71	5.96
5380	5.62	5.94	6.01	5.71	5.95
5390	5.62	5.93	6	5.7	5.95
5400	5.62	5.93	6	5.7	5.94
5410	5.61	5.92	5.99	5.7	5.94
5410	5.61	5.92	5.99	5.69	5.93
5420	5.61	5.91	5.98	5.69	5.93
5430	5.6	5.91	5.98	5.69	5.92
5440	5.6	5.9	5.97	5.68	5.92
5450	5.6	5.9	5.97	5.68	5.91
5460	5.59	5.89	5.96	5.68	5.91
5470	5.59	5.89	5.96	5.67	5.91
5480	5.59	5.88	5.95	5.67	5.9
5490	5.58	5.88	5.95	5.67	5.9
5500	5.58	5.87	5.94	5.66	5.89
5500	5.58	5.87	5.94	5.66	5.89
5510	5.57	5.87	5.93	5.66	5.88
5520	5.57	5.86	5.93	5.65	5.88
5530	5.56	5.86	5.92	5.65	5.87
5540	5.56	5.85	5.92	5.65	5.87
5550	5.56	5.85	5.92	5.64	5.87
5560	5.56	5.84	5.91	5.64	5.86
5570	5.55	5.84	5.91	5.64	5.86
5580	5.55	5.83	5.9	5.63	5.85
5590	5.55	5.83	5.9	5.63	5.85
5590	5.54	5.83	5.89	5.63	5.85
5600	5.54	5.82	5.89	5.63	5.84
5610	5.54	5.82	5.88	5.62	5.84
5620	5.53	5.81	5.88	5.62	5.83
5630	5.53	5.81	5.88	5.62	5.83
5640	5.53	5.8	5.87	5.61	5.83
5650	5.52	5.8	5.87	5.61	5.82
5660	5.52	5.8	5.86	5.61	5.82
5670	5.52	5.79	5.86	5.6	5.81
5680	5.52	5.79	5.86	5.6	5.81
5680	5.51	5.78	5.85	5.6	5.81
5690	5.51	5.78	5.85	5.6	5.8
5700	5.51	5.78	5.84	5.59	5.8
5710	5.5	5.77	5.84	5.59	5.79
5720	5.5	5.77	5.83	5.59	5.79
5730	5.5	5.76	5.83	5.58	5.79
5740	5.49	5.76	5.83	5.58	5.78
5750	5.49	5.76	5.82	5.58	5.78
5760	5.49	5.75	5.82	5.58	5.78
5770	5.49	5.75	5.82	5.57	5.77
5770	5.48	5.75	5.81	5.57	5.77
5780	5.48	5.74	5.81	5.57	5.77
5790	5.48	5.74	5.8	5.57	5.76
5800	5.48	5.73	5.8	5.56	5.76
5810	5.47	5.73	5.8	5.56	5.75
5820	5.47	5.73	5.79	5.56	5.75
5830	5.47	5.72	5.79	5.55	5.75
5840	5.47	5.72	5.79	5.55	5.74
5850	5.46	5.72	5.78	5.55	5.74
5860	5.46	5.71	5.78	5.55	5.74
5860	5.46	5.71	5.77	5.54	5.73
5870	5.45	5.71	5.77	5.54	5.73
5880	5.45	5.7	5.77	5.54	5.73
5890	5.45	5.7	5.76	5.54	5.72
5900	5.45	5.7	5.76	5.53	5.72
5910	5.45	5.69	5.76	5.53	5.72
5920	5.44	5.69	5.75	5.53	5.71
5930	5.44	5.69	5.75	5.53	5.71
5940	5.44	5.68	5.75	5.52	5.71
5950	5.44	5.68	5.74	5.52	5.7
5950	5.43	5.68	5.74	5.52	5.7
5960	5.43	5.67	5.74	5.52	5.7
5970	5.43	5.67	5.73	5.51	5.69
5980	5.43	5.67	5.73	5.51	5.69
5990	5.42	5.66	5.73	5.51	5.69
6000	5.42	5.66	5.72	5.51	5.69
6010	5.42	5.66	5.72	5.51	5.68
6020	5.42	5.65	5.72	5.5	5.68
6030	5.41	5.65	5.71	5.5	5.68
6040	5.41	5.65	5.71	5.5	5.67
6050	5.41	5.64	5.71	5.5	5.67
6050	5.41	5.64	5.7	5.49	5.67
6060	5.41	5.64	5.7	5.49	5.66
6070	5.4	5.63	5.7	5.49	5.66
6080	5.4	5.63	5.69	5.49	5.66
6090	5.4	5.63	5.69	5.49	5.66
6100	5.4	5.63	5.69	5.48	5.65
6110	5.39	5.62	5.69	5.48	5.65
6120	5.39	5.62	5.68	5.48	5.65
6130	5.39	5.62	5.68	5.48	5.64
6140	5.39	5.61	5.68	5.47	5.64
6140	5.39	5.61	5.67	5.47	5.64
6150	5.38	5.61	5.67	5.47	5.64
6160	5.38	5.61	5.67	5.47	5.63
6170	5.38	5.6	5.66	5.47	5.63
6180	5.38	5.6	5.66	5.46	5.63
6190	5.38	5.6	5.66	5.46	5.63
6200	5.37	5.59	5.66	5.46	5.62
6210	5.37	5.59	5.65	5.46	5.62
6220	5.37	5.59	5.65	5.46	5.62
6230	5.37	5.59	5.65	5.45	5.61
6230	5.37	5.58	5.65	5.45	5.61
6240	5.36	5.58	5.64	5.45	5.61
6250	5.36	5.58	5.64	5.45	5.61
6260	5.36	5.58	5.64	5.45	5.6
6270	5.36	5.57	5.63	5.44	5.6
6280	5.36	5.57	5.63	5.44	5.6
6290	5.36	5.57	5.63	5.44	5.6
6300	5.35	5.57	5.63	5.44	5.59
6310	5.35	5.56	5.62	5.44	5.59
6320	5.35	5.56	5.62	5.44	5.59
6320	5.35	5.56	5.62	5.43	5.59
6330	5.35	5.56	5.62	5.43	5.58
6340	5.34	5.55	5.61	5.43	5.58
6350	5.34	5.55	5.61	5.43	5.58
6360	5.34	5.55	5.61	5.43	5.58
6370	5.34	5.55	5.61	5.42	5.57
6380	5.34	5.54	5.6	5.42	5.57
6390	5.34	5.54	5.6	5.42	5.57
6400	5.33	5.54	5.6	5.42	5.57
6410	5.33	5.54	5.6	5.42	5.57
6410	5.33	5.53	5.59	5.42	5.56
6420	5.33	5.53	5.59	5.41	5.56
6430	5.33	5.53	5.59	5.41	5.56
6440	5.33	5.53	5.59	5.41	5.56
6450	5.32	5.52	5.58	5.41	5.55
6460	5.32	5.52	5.58	5.41	5.55
6470	5.32	5.52	5.58	5.41	5.55
6480	5.32	5.52	5.58	5.4	5.55
6490	5.32	5.52	5.57	5.4	5.54
6500	5.32	5.51	5.57	5.4	5.54
6500	5.31	5.51	5.57	5.4	5.54
6510	5.31	5.51	5.57	5.4	5.54
6520	5.31	5.51	5.56	5.4	5.54
6530	5.31	5.5	5.56	5.39	5.53
6540	5.31	5.5	5.56	5.39	5.53
6550	5.31	5.5	5.56	5.39	5.53
6560	5.31	5.5	5.56	5.39	5.53
6570	5.3	5.5	5.55	5.39	5.53
6580	5.3	5.49	5.55	5.39	5.52
6590	5.3	5.49	5.55	5.38	5.52
6590	5.3	5.49	5.55	5.38	5.52
6600	5.3	5.49	5.54	5.38	5.52
6610	5.3	5.48	5.54	5.38	5.52
6620	5.3	5.48	5.54	5.38	5.51
6630	5.29	5.48	5.54	5.38	5.51
6640	5.29	5.48	5.54	5.38	5.51
6650	5.29	5.48	5.53	5.37	5.51
6660	5.29	5.47	5.53	5.37	5.51
6670	5.29	5.47	5.53	5.37	5.5
6680	5.29	5.47	5.53	5.37	5.5
6680	5.29	5.47	5.53	5.37	5.5
6690	5.28	5.47	5.52	5.37	5.5
6700	5.28	5.46	5.52	5.37	5.5
6710	5.28	5.46	5.52	5.36	5.49
6720	5.28	5.46	5.52	5.36	5.49
6730	5.28	5.46	5.52	5.36	5.49
6740	5.28	5.46	5.51	5.36	5.49
6750	5.28	5.46	5.51	5.36	5.49
6760	5.27	5.45	5.51	5.36	5.48
6770	5.27	5.45	5.51	5.36	5.48
6770	5.27	5.45	5.51	5.35	5.48
6780	5.27	5.45	5.5	5.35	5.48
6790	5.27	5.45	5.5	5.35	5.48
6800	5.27	5.44	5.5	5.35	5.47
6810	5.27	5.44	5.5	5.35	5.47
6820	5.27	5.44	5.5	5.35	5.47
6830	5.26	5.44	5.49	5.35	5.47
6840	5.26	5.44	5.49	5.34	5.47
6850	5.26	5.44	5.49	5.34	5.47
6860	5.26	5.43	5.49	5.34	5.46
6860	5.26	5.43	5.49	5.34	5.46
6870	5.26	5.43	5.48	5.34	5.46
6880	5.26	5.43	5.48	5.34	5.46
6890	5.26	5.43	5.48	5.34	5.46
6900	5.25	5.42	5.48	5.34	5.46
6910	5.25	5.42	5.48	5.33	5.45
6920	5.25	5.42	5.48	5.33	5.45
6930	5.25	5.42	5.47	5.33	5.45
6940	5.25	5.42	5.47	5.33	5.45
6950	5.25	5.42	5.47	5.33	5.45
6950	5.25	5.41	5.47	5.33	5.45
6960	5.25	5.41	5.47	5.33	5.44
6970	5.25	5.41	5.47	5.33	5.44
6980	5.24	5.41	5.46	5.32	5.44
6990	5.24	5.41	5.46	5.32	5.44
7000	5.24	5.41	5.46	5.32	5.44
7010	5.24	5.41	5.46	5.32	5.44
7020	5.24	5.4	5.46	5.32	5.43
7030	5.24	5.4	5.46	5.32	5.43
7040	5.24	5.4	5.45	5.32	5.43
7050	5.24	5.4	5.45	5.32	5.43
7050	5.24	5.4	5.45	5.31	5.43
7060	5.23	5.4	5.45	5.31	5.43
7070	5.23	5.39	5.45	5.31	5.43
7080	5.23	5.39	5.45	5.31	5.42
7090	5.23	5.39	5.44	5.31	5.42
7100	5.23	5.39	5.44	5.31	5.42
7110	5.23	5.39	5.44	5.31	5.42
7120	5.23	5.39	5.44	5.31	5.42
7130	5.23	5.39	5.44	5.31	5.42
7140	5.23	5.38	5.44	5.3	5.41
7140	5.23	5.38	5.43	5.3	5.41
7150	5.22	5.38	5.43	5.3	5.41
7160	5.22	5.38	5.43	5.3	5.41
7170	5.22	5.38	5.43	5.3	5.41
7180	5.22	5.38	5.43	5.3	5.41
7190	5.22	5.38	5.43	5.3	5.41
7200	5.22	5.37	5.43	5.3	5.4
7210	5.22	5.37	5.42	5.3	5.4
7220	5.22	5.37	5.42	5.3	5.4
7230	5.22	5.37	5.42	5.29	5.4
7230	5.22	5.37	5.42	5.29	5.4
7240	5.22	5.37	5.42	5.29	5.4
7250	5.21	5.37	5.42	5.29	5.4
7260	5.21	5.36	5.41	5.29	5.39
7270	5.21	5.36	5.41	5.29	5.39
7280	5.21	5.36	5.41	5.29	5.39
7290	5.21	5.36	5.41	5.29	5.39
7300	5.21	5.36	5.41	5.29	5.39
7310	5.21	5.36	5.41	5.28	5.39
7320	5.21	5.36	5.41	5.28	5.39
7320	5.21	5.35	5.4	5.28	5.39
7330	5.21	5.35	5.4	5.28	5.38
7340	5.21	5.35	5.4	5.28	5.38
7350	5.2	5.35	5.4	5.28	5.38
7360	5.2	5.35	5.4	5.28	5.38
7370	5.2	5.35	5.4	5.28	5.38
7380	5.2	5.35	5.4	5.28	5.38
7390	5.2	5.35	5.4	5.28	5.38
7400	5.2	5.34	5.39	5.28	5.38
7410	5.2	5.34	5.39	5.27	5.37
7410	5.2	5.34	5.39	5.27	5.37
7420	5.2	5.34	5.39	5.27	5.37
7430	5.2	5.34	5.39	5.27	5.37
7440	5.2	5.34	5.39	5.27	5.37
7450	5.2	5.34	5.39	5.27	5.37
7460	5.19	5.34	5.38	5.27	5.37
7470	5.19	5.33	5.38	5.27	5.37
7480	5.19	5.33	5.38	5.27	5.36
7490	5.19	5.33	5.38	5.27	5.36
7500	5.19	5.33	5.38	5.27	5.36
7500	5.19	5.33	5.38	5.26	5.36
7510	5.19	5.33	5.38	5.26	5.36
7520	5.19	5.33	5.38	5.26	5.36
7530	5.19	5.33	5.37	5.26	5.36
7540	5.19	5.33	5.37	5.26	5.36
7550	5.19	5.32	5.37	5.26	5.35
7560	5.19	5.32	5.37	5.26	5.35
7570	5.19	5.32	5.37	5.26	5.35
7580	5.18	5.32	5.37	5.26	5.35
7590	5.18	5.32	5.37	5.26	5.35
7590	5.18	5.32	5.37	5.26	5.35
7600	5.18	5.32	5.36	5.25	5.35
7610	5.18	5.32	5.36	5.25	5.35
7620	5.18	5.32	5.36	5.25	5.35
7630	5.18	5.31	5.36	5.25	5.34
7640	5.18	5.31	5.36	5.25	5.34
7650	5.18	5.31	5.36	5.25	5.34
7660	5.18	5.31	5.36	5.25	5.34
7670	5.18	5.31	5.36	5.25	5.34
7680	5.18	5.31	5.36	5.25	5.34
7680	5.18	5.31	5.35	5.25	5.34
7690	5.18	5.31	5.35	5.25	5.34
7700	5.17	5.31	5.35	5.25	5.34
7710	5.17	5.3	5.35	5.25	5.33
7720	5.17	5.3	5.35	5.24	5.33
7730	5.17	5.3	5.35	5.24	5.33
7740	5.17	5.3	5.35	5.24	5.33
7750	5.17	5.3	5.35	5.24	5.33
7760	5.17	5.3	5.35	5.24	5.33
7770	5.17	5.3	5.34	5.24	5.33
7770	5.17	5.3	5.34	5.24	5.33
7780	5.17	5.3	5.34	5.24	5.33
7790	5.17	5.3	5.34	5.24	5.33
7800	5.17	5.29	5.34	5.24	5.32
7810	5.17	5.29	5.34	5.24	5.32
7820	5.17	5.29	5.34	5.24	5.32
7830	5.17	5.29	5.34	5.24	5.32
7840	5.16	5.29	5.34	5.23	5.32
7850	5.16	5.29	5.33	5.23	5.32
7860	5.16	5.29	5.33	5.23	5.32
7860	5.16	5.29	5.33	5.23	5.32
7870	5.16	5.29	5.33	5.23	5.32
7880	5.16	5.29	5.33	5.23	5.32
7890	5.16	5.28	5.33	5.23	5.31
7900	5.16	5.28	5.33	5.23	5.31
7910	5.16	5.28	5.33	5.23	5.31
7920	5.16	5.28	5.33	5.23	5.31
7930	5.16	5.28	5.33	5.23	5.31
7940	5.16	5.28	5.32	5.23	5.31
7950	5.16	5.28	5.32	5.23	5.31
7950	5.16	5.28	5.32	5.23	5.31
7960	5.16	5.28	5.32	5.22	5.31
7970	5.16	5.28	5.32	5.22	5.31
7980	5.16	5.28	5.32	5.22	5.3
7990	5.15	5.27	5.32	5.22	5.3
8000	5.15	5.27	5.32	5.22	5.3
8010	5.15	5.27	5.32	5.22	5.3
8020	5.15	5.27	5.32	5.22	5.3
8030	5.15	5.27	5.31	5.22	5.3
8040	5.15	5.27	5.31	5.22	5.3
8050	5.15	5.27	5.31	5.22	5.3
8050	5.15	5.27	5.31	5.22	5.3
8060	5.15	5.27	5.31	5.22	5.3
8070	5.15	5.27	5.31	5.22	5.3
8080	5.15	5.27	5.31	5.22	5.29
8090	5.15	5.27	5.31	5.22	5.29
8100	5.15	5.26	5.31	5.21	5.29
8110	5.15	5.26	5.31	5.21	5.29
8120	5.15	5.26	5.31	5.21	5.29
8130	5.15	5.26	5.3	5.21	5.29
8140	5.15	5.26	5.3	5.21	5.29
8140	5.15	5.26	5.3	5.21	5.29
8150	5.14	5.26	5.3	5.21	5.29
8160	5.14	5.26	5.3	5.21	5.29
8170	5.14	5.26	5.3	5.21	5.29
8180	5.14	5.26	5.3	5.21	5.29
8190	5.14	5.26	5.3	5.21	5.28
8200	5.14	5.26	5.3	5.21	5.28
8210	5.14	5.25	5.3	5.21	5.28
8220	5.14	5.25	5.3	5.21	5.28
8230	5.14	5.25	5.29	5.21	5.28
8230	5.14	5.25	5.29	5.2	5.28
8240	5.14	5.25	5.29	5.2	5.28
8250	5.14	5.25	5.29	5.2	5.28
8260	5.14	5.25	5.29	5.2	5.28
8270	5.14	5.25	5.29	5.2	5.28
8280	5.14	5.25	5.29	5.2	5.28
8290	5.14	5.25	5.29	5.2	5.28
8300	5.14	5.25	5.29	5.2	5.27
8310	5.14	5.25	5.29	5.2	5.27
8320	5.14	5.25	5.29	5.2	5.27
8320	5.14	5.24	5.29	5.2	5.27
8330	5.13	5.24	5.28	5.2	5.27
8340	5.13	5.24	5.28	5.2	5.27
8350	5.13	5.24	5.28	5.2	5.27
8360	5.13	5.24	5.28	5.2	5.27
8370	5.13	5.24	5.28	5.2	5.27
8380	5.13	5.24	5.28	5.2	5.27
8390	5.13	5.24	5.28	5.2	5.27
8400	5.13	5.24	5.28	5.19	5.27
8410	5.13	5.24	5.28	5.19	5.27
8410	5.13	5.24	5.28	5.19	5.26
8420	5.13	5.24	5.28	5.19	5.26
8430	5.13	5.24	5.28	5.19	5.26
8440	5.13	5.24	5.28	5.19	5.26
8450	5.13	5.23	5.27	5.19	5.26
8460	5.13	5.23	5.27	5.19	5.26
8470	5.13	5.23	5.27	5.19	5.26
8480	5.13	5.23	5.27	5.19	5.26
8490	5.13	5.23	5.27	5.19	5.26
8500	5.13	5.23	5.27	5.19	5.26
8500	5.13	5.23	5.27	5.19	5.26
8510	5.13	5.23	5.27	5.19	5.26
8520	5.13	5.23	5.27	5.19	5.26
8530	5.13	5.23	5.27	5.19	5.26
8540	5.12	5.23	5.27	5.19	5.25
8550	5.12	5.23	5.27	5.19	5.25
8560	5.12	5.23	5.27	5.18	5.25
8570	5.12	5.23	5.26	5.18	5.25
8580	5.12	5.23	5.26	5.18	5.25
8590	5.12	5.22	5.26	5.18	5.25
8590	5.12	5.22	5.26	5.18	5.25
8600	5.12	5.22	5.26	5.18	5.25
8610	5.12	5.22	5.26	5.18	5.25
8620	5.12	5.22	5.26	5.18	5.25
8630	5.12	5.22	5.26	5.18	5.25
8640	5.12	5.22	5.26	5.18	5.25
8650	5.12	5.22	5.26	5.18	5.25
8660	5.12	5.22	5.26	5.18	5.25
8670	5.12	5.22	5.26	5.18	5.24
8680	5.12	5.22	5.26	5.18	5.24
8680	5.12	5.22	5.26	5.18	5.24
8690	5.12	5.22	5.25	5.18	5.24
8700	5.12	5.22	5.25	5.18	5.24
8710	5.12	5.22	5.25	5.18	5.24
8720	5.12	5.22	5.25	5.18	5.24
8730	5.12	5.21	5.25	5.18	5.24
8740	5.12	5.21	5.25	5.17	5.24
8750	5.12	5.21	5.25	5.17	5.24
8760	5.12	5.21	5.25	5.17	5.24
8770	5.12	5.21	5.25	5.17	5.24
8770	5.11	5.21	5.25	5.17	5.24
8780	5.11	5.21	5.25	5.17	5.24
8790	5.11	5.21	5.25	5.17	5.24
8800	5.11	5.21	5.25	5.17	5.24
8810	5.11	5.21	5.25	5.17	5.23
8820	5.11	5.21	5.25	5.17	5.23
8830	5.11	5.21	5.24	5.17	5.23
8840	5.11	5.21	5.24	5.17	5.23
8850	5.11	5.21	5.24	5.17	5.23
8860	5.11	5.21	5.24	5.17	5.23
8860	5.11	5.21	5.24	5.17	5.23
8870	5.11	5.2	5.24	5.17	5.23
8880	5.11	5.2	5.24	5.17	5.23
8890	5.11	5.2	5.24	5.17	5.23
8900	5.11	5.2	5.24	5.17	5.23
8910	5.11	5.2	5.24	5.17	5.23
8920	5.11	5.2	5.24	5.17	5.23
8930	5.11	5.2	5.24	5.17	5.23
8940	5.11	5.2	5.24	5.16	5.23
8950	5.11	5.2	5.24	5.16	5.23
8950	5.11	5.2	5.24	5.16	5.22
8960	5.11	5.2	5.23	5.16	5.22
8970	5.11	5.2	5.23	5.16	5.22
8980	5.11	5.2	5.23	5.16	5.22
8990	5.11	5.2	5.23	5.16	5.22
9000	5.11	5.2	5.23	5.16	5.22