"Time [s]"	"[B*] 0.15Hz dc0.2"	"[B*] 0.15Hz dc0.40"	"[B*] 0.15Hz dc0.45"	"[B*] 0.15Hz dc0.5"
0	0	0	0	0
9	4.53e-033	8.49e-033	9.05e-033	9.62e-033
18	6.86e-033	1.38e-032	1.86e-032	1.13e-032
27	9.86e-033	1.94e-032	2.86e-032	1.75e-032
36	1.17e-032	2.95e-032	4.02e-032	2.31e-032
45	1.17e-032	3.56e-032	5.41e-032	2.44e-032
54	1.17e-032	4.23e-032	6.98e-032	3.4e-032
63.1	1.17e-032	4.21e-032	9e-032	4.07e-032
72.1	1.17e-032	4.2e-032	1.17e-031	5.09e-032
81.1	1.47e-032	4.19e-032	1.42e-031	6.64e-032
90.1	1.78e-032	4.18e-032	1.41e-031	8.99e-032
99.1	2.11e-032	4.16e-032	1.41e-031	1.07e-031
108	2.8e-032	6.24e-032	2e-031	1.36e-031
117	2.8e-032	8.45e-032	2.93e-031	1.78e-031
126	3.19e-032	8.42e-032	4.18e-031	2.11e-031
135	4.04e-032	9.77e-032	5e-031	2.77e-031
144	4.49e-032	1.27e-031	4.98e-031	3.62e-031
153	4.48e-032	1.52e-031	4.96e-031	4.37e-031
162	5.57e-032	2.05e-031	8.36e-031	4.35e-031
171	6.16e-032	2.47e-031	1.17e-030	6.27e-031
180	6.14e-032	2.91e-031	1.51e-030	9.13e-031
189	6.12e-032	3.9e-031	2.28e-030	1.57e-030
198	6.9e-032	4.58e-031	2.96e-030	2.31e-030
207	6.87e-032	4.74e-031	4.87e-030	3.43e-030
216	6.85e-032	6.55e-031	8.08e-030	4.7e-030
225	6.82e-032	7.79e-031	9.68e-030	5.98e-030
234	6.8e-032	7.76e-031	1.54e-029	8.09e-030
243	6.77e-032	9.77e-031	2.09e-029	1.25e-029
252	6.75e-032	1.21e-030	2.57e-029	1.64e-029
261	7.91e-032	1.64e-030	3.55e-029	2.42e-029
270	9.26e-032	2.2e-030	5.2e-029	3.83e-029
279	1.06e-031	2.19e-030	6.69e-029	5.11e-029
288	1.2e-031	2.18e-030	6.66e-029	7.94e-029
297	1.35e-031	3.27e-030	6.63e-029	9.17e-029
306	1.35e-031	4.92e-030	6.6e-029	9.12e-029
315	1.52e-031	6.82e-030	1.57e-028	9.08e-029
324	1.71e-031	8.59e-030	2.57e-028	1.76e-028
333	1.7e-031	1.03e-029	4.85e-028	2.82e-028
342	2.15e-031	1.47e-029	8.96e-028	5.32e-028
351	2.38e-031	1.82e-029	1.14e-027	7.98e-028
360	2.37e-031	2.26e-029	1.44e-027	1.1e-027
369	2.66e-031	3.26e-029	2.16e-027	2.17e-027
378	2.96e-031	4.95e-029	2.81e-027	2.85e-027
387	3.47e-031	6.15e-029	3.82e-027	4.73e-027
396	3.63e-031	8.45e-029	5.94e-027	6.81e-027
405	3.61e-031	1.03e-028	5.92e-027	8.78e-027
414	3.59e-031	1.37e-028	5.89e-027	1.23e-026
423	3.58e-031	1.55e-028	5.86e-027	1.92e-026
432	3.56e-031	1.54e-028	5.84e-027	3.04e-026
441	3.55e-031	2.47e-028	1.36e-026	5.33e-026
450	3.53e-031	3.63e-028	1.68e-026	9.22e-026
459	4.12e-031	4.66e-028	1.67e-026	1.32e-025
468	4.1e-031	6.98e-028	1.66e-026	1.65e-025
477	4.75e-031	7.48e-028	1.66e-026	2.31e-025
486	5.43e-031	9.83e-028	3.18e-026	2.3e-025
495	6.18e-031	1.27e-027	4.93e-026	3.55e-025
504	6.95e-031	1.69e-027	4.9e-026	5.78e-025
514	7.88e-031	1.72e-027	5.04e-026	8.91e-025
523	9.58e-031	2.97e-027	1.05e-025	1.65e-024
532	1.06e-030	3.87e-027	1.48e-025	2.46e-024
541	1.05e-030	4.9e-027	2.56e-025	3.54e-024
550	1.17e-030	6.39e-027	4.23e-025	5.9e-024
559	1.16e-030	8.15e-027	4.99e-025	9.54e-024
568	1.16e-030	1.03e-026	6.23e-025	1.77e-023
577	1.15e-030	1.02e-026	1.01e-024	2.56e-023
586	1.15e-030	1.02e-026	1.38e-024	3.29e-023
595	1.14e-030	1.01e-026	1.74e-024	3.75e-023
604	1.14e-030	1.01e-026	2.33e-024	6.5e-023
613	1.13e-030	1e-026	3.43e-024	1.08e-022
622	1.13e-030	9.99e-027	4.75e-024	1.07e-022
631	1.12e-030	9.95e-027	6.39e-024	1.07e-022
640	1.12e-030	9.9e-027	7.97e-024	1.77e-022
649	1.11e-030	9.86e-027	7.93e-024	4.38e-022
658	1.11e-030	9.81e-027	1.14e-023	8.27e-022
667	1.1e-030	9.77e-027	1.13e-023	1.16e-021
676	1.1e-030	9.72e-027	1.64e-023	1.44e-021
685	1.09e-030	9.68e-027	2.6e-023	1.44e-021
694	1.09e-030	9.64e-027	3.73e-023	2.19e-021
703	1.08e-030	2.36e-026	4.81e-023	3.86e-021
712	1.08e-030	2.34e-026	4.79e-023	6.86e-021
721	1.07e-030	2.33e-026	4.77e-023	9.33e-021
730	1.07e-030	2.32e-026	4.75e-023	1.14e-020
739	1.07e-030	2.31e-026	4.72e-023	1.9e-020
748	1.06e-030	2.3e-026	4.7e-023	3.61e-020
757	1.06e-030	2.29e-026	4.68e-023	6.18e-020
766	1.05e-030	2.28e-026	4.66e-023	8.91e-020
775	1.05e-030	5.09e-026	4.64e-023	1.1e-019
784	1.04e-030	5.93e-026	4.62e-023	1.55e-019
793	1.04e-030	5.9e-026	4.6e-023	3.04e-019
802	1.28e-030	9.44e-026	4.58e-023	4.46e-019
811	1.28e-030	1.24e-025	4.56e-023	6.45e-019
820	1.27e-030	1.49e-025	4.54e-023	8.5e-019
829	1.26e-030	1.99e-025	4.52e-023	1.38e-018
838	1.51e-030	2.37e-025	1.44e-022	2.06e-018
847	1.76e-030	2.75e-025	2.54e-022	2.84e-018
856	1.76e-030	3.57e-025	4.54e-022	5.99e-018
865	1.75e-030	4.88e-025	5.99e-022	8.24e-018
874	1.74e-030	5.49e-025	7.64e-022	1.14e-017
883	1.73e-030	5.47e-025	1.06e-021	1.86e-017
892	1.73e-030	5.44e-025	1.26e-021	2.59e-017
901	1.72e-030	7.01e-025	1.55e-021	3.8e-017
910	1.71e-030	9.4e-025	2.03e-021	6.29e-017
919	1.7e-030	1.11e-024	2.37e-021	1.05e-016
928	1.97e-030	1.31e-024	2.97e-021	1.86e-016
937	1.98e-030	1.31e-024	3.94e-021	2.76e-016
946	1.97e-030	1.62e-024	5.26e-021	4.95e-016
955	1.97e-030	1.87e-024	6.64e-021	8.48e-016
964	1.96e-030	2.51e-024	8.4e-021	1.18e-015
973	1.95e-030	3.05e-024	9.95e-021	1.51e-015
982	1.94e-030	4.22e-024	1.35e-020	2.39e-015
991	1.93e-030	5.27e-024	1.73e-020	4.81e-015
1000	1.92e-030	6.27e-024	2.1e-020	8.76e-015
1010	1.91e-030	8.69e-024	3.01e-020	1.28e-014
1020	1.91e-030	1.05e-023	3.87e-020	1.81e-014
1030	1.9e-030	1.28e-023	4.89e-020	2.52e-014
1040	1.89e-030	1.78e-023	7.18e-020	4.32e-014
1050	1.88e-030	1.77e-023	9.1e-020	6.35e-014
1050	1.87e-030	1.76e-023	1.2e-019	9.5e-014
1060	1.86e-030	1.75e-023	2.16e-019	1.66e-013
1070	1.85e-030	1.74e-023	2.62e-019	2.81e-013
1080	1.85e-030	1.74e-023	3.47e-019	4.02e-013
1090	1.84e-030	1.73e-023	5.09e-019	5.71e-013
1100	1.83e-030	1.72e-023	8.89e-019	7.98e-013
1110	1.82e-030	1.71e-023	1.21e-018	1.27e-012
1120	1.81e-030	1.71e-023	1.62e-018	2.06e-012
1130	1.81e-030	1.7e-023	2.02e-018	2.79e-012
1140	1.8e-030	1.69e-023	2.94e-018	5.55e-012
1140	1.79e-030	1.68e-023	4.13e-018	9.44e-012
1150	1.78e-030	1.68e-023	4.11e-018	1.18e-011
1160	1.77e-030	1.67e-023	7.02e-018	1.46e-011
1170	1.77e-030	1.66e-023	7.56e-018	2.2e-011
1180	1.76e-030	3.5e-023	7.53e-018	3.01e-011
1190	2.05e-030	6.95e-023	7.5e-018	4.95e-011
1200	2.04e-030	9.03e-023	7.46e-018	7.04e-011
1210	2.15e-030	1.16e-022	7.43e-018	9.76e-011
1220	2.63e-030	1.6e-022	7.4e-018	1.56e-010
1230	2.93e-030	1.59e-022	7.36e-018	2.12e-010
1230	2.92e-030	2.01e-022	7.33e-018	3e-010
1240	3.24e-030	2.61e-022	7.3e-018	4.72e-010
1250	3.57e-030	2.6e-022	7.26e-018	7.27e-010
1260	3.9e-030	3.31e-022	7.23e-018	1.06e-009
1270	4.27e-030	3.58e-022	7.2e-018	1.57e-009
1280	4.25e-030	3.56e-022	7.17e-018	2.35e-009
1290	4.23e-030	3.54e-022	7.13e-018	3.29e-009
1300	4.21e-030	3.53e-022	7.1e-018	3.69e-009
1310	4.19e-030	3.51e-022	2.69e-017	5.01e-009
1320	4.17e-030	3.5e-022	6.16e-017	7.99e-009
1320	4.15e-030	4.62e-022	6.88e-017	1.27e-008
1330	4.13e-030	7.7e-022	6.85e-017	2.3e-008
1340	4.12e-030	1.03e-021	1.15e-016	2.79e-008
1350	4.1e-030	1.21e-021	1.5e-016	2.78e-008
1360	4.08e-030	1.39e-021	1.82e-016	2.9e-008
1370	4.06e-030	1.63e-021	2.16e-016	5.5e-008
1380	4.04e-030	1.9e-021	2.61e-016	7.96e-008
1390	4.02e-030	2.29e-021	3.19e-016	1.13e-007
1400	4.01e-030	2.96e-021	4.87e-016	1.77e-007
1410	3.99e-030	2.95e-021	5.55e-016	2.8e-007
1410	4.54e-030	3.18e-021	7.77e-016	3.73e-007
1420	4.52e-030	4.25e-021	1.09e-015	5.42e-007
1430	5.08e-030	5.04e-021	1.23e-015	6.81e-007
1440	5.66e-030	6.53e-021	1.52e-015	7.71e-007
1450	5.63e-030	8.26e-021	2.23e-015	0.00000118
1460	5.6e-030	9.69e-021	2.58e-015	0.00000152
1470	5.58e-030	1.27e-020	3.38e-015	0.00000273
1480	5.55e-030	1.57e-020	4.66e-015	0.00000298
1490	5.53e-030	1.84e-020	6.32e-015	0.00000385
1500	5.5e-030	2.49e-020	7.53e-015	0.0000058
1500	5.48e-030	3.03e-020	7.49e-015	0.000008
1510	5.46e-030	3.63e-020	7.46e-015	0.00000809
1520	5.43e-030	5.02e-020	7.42e-015	0.000013
1530	5.41e-030	6.03e-020	7.39e-015	0.0000213
1540	5.38e-030	7.46e-020	7.36e-015	0.0000263
1550	5.36e-030	1.03e-019	7.32e-015	0.0000328
1560	6.06e-030	1.24e-019	7.29e-015	0.0000338
1570	6.53e-030	1.58e-019	7.26e-015	0.0000337
1580	7.49e-030	2.16e-019	7.23e-015	0.000049
1590	7.46e-030	2.6e-019	7.19e-015	0.000068
1590	8.18e-030	3.45e-019	7.16e-015	0.0000992
1600	9.01e-030	4.61e-019	7.13e-015	0.000146
1610	9.82e-030	4.59e-019	7.1e-015	0.000145
1620	1.07e-029	6.61e-019	7.07e-015	0.000212
1630	1.06e-029	8.88e-019	2e-014	0.000237
1640	1.06e-029	1.09e-018	3.33e-014	0.000306
1650	1.05e-029	1.56e-018	5.7e-014	0.00044
1660	1.05e-029	1.63e-018	6.19e-014	0.000694
1670	1.04e-029	2.05e-018	7.87e-014	0.000827
1680	1.04e-029	3.09e-018	7.83e-014	0.00113
1680	1.03e-029	3.16e-018	7.8e-014	0.00118
1690	1.03e-029	3.15e-018	1.02e-013	0.0015
1700	1.02e-029	3.13e-018	1.44e-013	0.00214
1710	1.02e-029	3.12e-018	1.73e-013	0.00272
1720	1.01e-029	3.1e-018	2.1e-013	0.00286
1730	1.01e-029	3.09e-018	2.71e-013	0.00419
1740	1e-029	3.08e-018	3.11e-013	0.00526
1750	1e-029	3.06e-018	3.09e-013	0.00691
1760	1.13e-029	3.05e-018	3.08e-013	0.00788
1770	1.12e-029	3.03e-018	3.07e-013	0.00785
1770	1.12e-029	3.02e-018	3.05e-013	0.0114
1780	1.25e-029	3.01e-018	3.04e-013	0.0163
1790	1.38e-029	2.99e-018	3.02e-013	0.02
1800	1.52e-029	2.98e-018	3.01e-013	0.02
1810	1.66e-029	2.97e-018	3e-013	0.0259
1820	1.66e-029	2.95e-018	2.98e-013	0.0327
1830	1.65e-029	2.94e-018	2.97e-013	0.0406
1840	1.81e-029	5.96e-018	2.96e-013	0.0404
1850	2e-029	9.21e-018	2.94e-013	0.0402
1860	2.33e-029	1.52e-017	3.77e-013	0.0401
1860	2.32e-029	1.88e-017	4.93e-013	0.0556
1870	2.4e-029	2.32e-017	6.14e-013	0.0753
1880	2.74e-029	3.05e-017	8.11e-013	0.109
1890	2.96e-029	3.51e-017	9.34e-013	0.135
1900	3.37e-029	4.2e-017	1.1e-012	0.142
1910	3.44e-029	4.56e-017	1.36e-012	0.194
1920	3.43e-029	4.54e-017	1.53e-012	0.231
1930	3.72e-029	5.29e-017	1.81e-012	0.289
1940	3.72e-029	5.27e-017	2.48e-012	0.318
1950	3.71e-029	6.25e-017	3.08e-012	0.378
1950	3.69e-029	8.05e-017	3.73e-012	0.484
1960	4.08e-029	9.84e-017	4.43e-012	0.614
1970	4.49e-029	1.13e-016	5.04e-012	0.611
1980	4.91e-029	1.43e-016	6.37e-012	0.807
1990	4.89e-029	1.69e-016	8.31e-012	1.01
2000	4.87e-029	1.68e-016	1.25e-011	1.01
2010	4.85e-029	2.22e-016	1.59e-011	1.2
2020	4.83e-029	2.61e-016	2.23e-011	1.45
2030	4.96e-029	3.07e-016	2.65e-011	1.76
2040	6.02e-029	4.01e-016	3.63e-011	2.3
2050	6.65e-029	4.62e-016	5.36e-011	2.36
2050	7.68e-029	6.74e-016	6.73e-011	2.88
2060	7.98e-029	8.39e-016	7.78e-011	3.7
2070	8.74e-029	9.6e-016	1.01e-010	3.75
2080	1.02e-028	9.56e-016	1.43e-010	4.49
2090	1.04e-028	9.52e-016	2.66e-010	4.87
2100	1.03e-028	9.47e-016	3.27e-010	5.45
2110	1.03e-028	9.43e-016	4.53e-010	5.7
2120	1.02e-028	9.39e-016	7.82e-010	6.57
2130	1.02e-028	9.35e-016	7.79e-010	6.55
2140	1.01e-028	9.3e-016	1.16e-009	7.06
2140	1.14e-028	9.26e-016	1.64e-009	7.53
2150	1.27e-028	9.22e-016	2.09e-009	7.95
2160	1.41e-028	9.18e-016	2.65e-009	8.19
2170	1.4e-028	9.14e-016	3.54e-009	8.68
2180	1.4e-028	9.1e-016	4.64e-009	8.65
2190	1.39e-028	9.06e-016	4.62e-009	8.61
2200	1.38e-028	9.01e-016	4.6e-009	8.91
2210	1.38e-028	1.02e-015	7.38e-009	8.88
2220	1.37e-028	1.5e-015	9.6e-009	8.84
2230	1.56e-028	1.49e-015	9.56e-009	9.08
2230	1.88e-028	1.48e-015	9.52e-009	9.29
2240	1.94e-028	1.48e-015	9.47e-009	9.26
2250	1.93e-028	1.47e-015	1.53e-008	9.43
2260	1.92e-028	1.46e-015	2.46e-008	9.64
2270	1.91e-028	1.46e-015	3.68e-008	9.86
2280	1.91e-028	2.06e-015	5.53e-008	9.82
2290	2.15e-028	2.43e-015	8.84e-008	9.98
2300	2.14e-028	3.28e-015	1.09e-007	10.1
2310	2.13e-028	3.9e-015	1.26e-007	10.2
2320	2.39e-028	4.54e-015	1.64e-007	10.3
2320	2.66e-028	4.52e-015	2.04e-007	10.4
2330	2.65e-028	5.25e-015	2.91e-007	10.4
2340	2.63e-028	6.73e-015	3.8e-007	10.5
2350	2.93e-028	7.7e-015	3.92e-007	10.5
2360	3.32e-028	8.75e-015	3.9e-007	10.5
2370	3.89e-028	1.08e-014	3.88e-007	10.5
2380	3.87e-028	1.07e-014	3.86e-007	10.6
2390	3.85e-028	1.24e-014	3.85e-007	10.6
2400	3.83e-028	1.35e-014	3.83e-007	10.6
2410	3.82e-028	1.34e-014	3.81e-007	10.5
2410	3.8e-028	1.62e-014	3.79e-007	10.6
2420	3.78e-028	1.99e-014	3.78e-007	10.6
2430	4.21e-028	2.24e-014	3.76e-007	10.6
2440	5.13e-028	2.71e-014	3.74e-007	10.6
2450	5.1e-028	3.23e-014	3.73e-007	10.5
2460	5.08e-028	3.64e-014	3.71e-007	10.5
2470	5.06e-028	4.49e-014	3.69e-007	10.5
2480	5.03e-028	5.3e-014	3.68e-007	10.5
2490	5.01e-028	6.02e-014	6.66e-007	10.5
2500	4.99e-028	5.99e-014	0.00000156	10.4
2500	4.97e-028	7.07e-014	0.00000198	10.4
2510	4.94e-028	8.38e-014	0.0000028	10.4
2520	4.92e-028	1.12e-013	0.00000351	10.4
2530	5.52e-028	1.31e-013	0.00000405	10.3
2540	6.12e-028	1.31e-013	0.0000054	10.3
2550	6.09e-028	1.3e-013	0.0000066	10.3
2560	6.07e-028	1.29e-013	0.00000746	10.2
2570	6.04e-028	1.29e-013	0.00000878	10.2
2580	6.01e-028	1.28e-013	0.000011	10.2
2590	5.99e-028	1.28e-013	0.0000141	10.1
2590	6.63e-028	1.27e-013	0.0000167	10.1
2600	7.36e-028	1.27e-013	0.0000167	10.1
2610	8.06e-028	1.26e-013	0.00002	10
2620	9.56e-028	1.25e-013	0.0000263	9.99
2630	9.52e-028	1.25e-013	0.0000402	9.96
2640	1.03e-027	1.24e-013	0.00004	9.93
2650	1.11e-027	1.24e-013	0.0000399	9.89
2660	1.11e-027	1.23e-013	0.0000505	9.86
2670	1.1e-027	1.23e-013	0.0000502	9.82
2680	1.1e-027	1.22e-013	0.00005	9.79
2680	1.09e-027	1.22e-013	0.0000498	9.75
2690	1.09e-027	1.72e-013	0.0000496	9.72
2700	1.08e-027	2.22e-013	0.0000493	9.69
2710	1.08e-027	2.72e-013	0.0000491	9.66
2720	1.07e-027	3.37e-013	0.0000548	9.62
2730	1.07e-027	4.32e-013	0.0000999	9.59
2740	1.06e-027	4.89e-013	0.0000995	9.56
2750	1.18e-027	5.77e-013	0.000099	9.53
2760	1.3e-027	6.89e-013	0.00013	9.5
2770	1.3e-027	7.67e-013	0.000162	9.46
2770	1.29e-027	9.04e-013	0.000213	9.43
2780	1.42e-027	1.05e-012	0.000271	9.4
2790	1.55e-027	1.17e-012	0.000313	9.37
2800	1.55e-027	1.41e-012	0.000312	9.34
2810	1.54e-027	1.63e-012	0.000385	9.3
2820	1.68e-027	1.83e-012	0.000491	9.27
2830	1.68e-027	1.82e-012	0.000607	9.24
2840	1.83e-027	1.81e-012	0.000709	9.21
2850	1.82e-027	2.15e-012	0.000805	9.18
2860	1.81e-027	2.85e-012	0.000903	9.15
2860	1.98e-027	3.31e-012	0.00104	9.12
2870	1.97e-027	3.92e-012	0.00142	9.09
2880	1.96e-027	5.02e-012	0.00176	9.06
2890	1.95e-027	5.75e-012	0.00201	9.03
2900	1.94e-027	6.91e-012	0.00239	9
2910	1.93e-027	8.69e-012	0.00302	8.97
2920	1.93e-027	9.98e-012	0.00348	8.95
2930	1.92e-027	1.48e-011	0.00373	8.92
2940	1.91e-027	1.87e-011	0.0041	8.89
2950	1.9e-027	2.4e-011	0.00496	8.86
2950	1.89e-027	2.39e-011	0.00655	8.83
2960	1.88e-027	2.38e-011	0.00842	8.8
2970	1.87e-027	2.37e-011	0.00995	8.78
2980	1.87e-027	2.88e-011	0.0117	8.75
2990	1.86e-027	3.84e-011	0.0117	8.72
3000	1.85e-027	4.73e-011	0.0116	8.69
3010	1.84e-027	6.79e-011	0.0116	8.67
3020	1.83e-027	1.02e-010	0.0115	8.64
3030	1.82e-027	1.48e-010	0.0115	8.62
3040	1.82e-027	1.89e-010	0.0154	8.59
3050	1.81e-027	2.17e-010	0.0205	8.56
3050	1.8e-027	3.23e-010	0.0217	8.54
3060	1.79e-027	4.08e-010	0.0314	8.51
3070	1.78e-027	4.74e-010	0.0313	8.49
3080	1.78e-027	5.96e-010	0.0377	8.46
3090	1.77e-027	6.55e-010	0.0451	8.44
3100	1.76e-027	8.06e-010	0.053	8.41
3110	1.75e-027	1.1e-009	0.0615	8.39
3120	1.74e-027	1.47e-009	0.0612	8.36
3130	1.74e-027	1.47e-009	0.0719	8.34
3140	1.89e-027	2.14e-009	0.0909	8.31
3140	1.89e-027	2.29e-009	0.11	8.29
3150	1.88e-027	2.28e-009	0.124	8.27
3160	1.87e-027	2.27e-009	0.154	8.24
3170	1.86e-027	2.26e-009	0.18	8.22
3180	2.03e-027	2.25e-009	0.204	8.2
3190	2.33e-027	2.24e-009	0.254	8.17
3200	2.48e-027	2.23e-009	0.292	8.15
3210	2.71e-027	2.49e-009	0.33	8.13
3220	2.98e-027	5.08e-009	0.329	8.1
3230	2.97e-027	6.64e-009	0.384	8.08
3230	2.95e-027	8.91e-009	0.467	8.06
3240	2.94e-027	1.21e-008	0.595	8.04
3250	2.93e-027	1.21e-008	0.683	8.02
3260	2.92e-027	1.56e-008	0.728	7.99
3270	2.9e-027	2.4e-008	0.921	7.97
3280	3.12e-027	2.72e-008	1.06	7.95
3290	3.1e-027	3.95e-008	1.31	7.93
3300	3.33e-027	4.62e-008	1.6	7.91
3310	3.56e-027	5.2e-008	1.82	7.89
3320	3.81e-027	5.78e-008	2.27	7.87
3320	3.79e-027	6.92e-008	2.36	7.85
3330	3.78e-027	7.99e-008	2.72	7.83
3340	3.76e-027	9.23e-008	3.06	7.81
3350	3.74e-027	9.38e-008	3.16	7.79
3360	4.03e-027	9.61e-008	3.75	7.77
3370	4.01e-027	1.38e-007	4.22	7.75
3380	3.99e-027	1.65e-007	4.21	7.73
3390	4.49e-027	1.73e-007	4.93	7.71
3400	4.62e-027	2.41e-007	5.89	7.69
3410	4.6e-027	3.39e-007	5.88	7.67
3410	4.88e-027	4.1e-007	6.56	7.65
3420	4.93e-027	4.44e-007	7.3	7.63
3430	4.91e-027	4.42e-007	7.28	7.61
3440	5.3e-027	4.4e-007	7.67	7.59
3450	5.27e-027	4.38e-007	7.65	7.58
3460	5.67e-027	5.52e-007	7.62	7.56
3470	6.09e-027	9.71e-007	8.17	7.54
3480	6.06e-027	0.00000117	8.28	7.52
3490	6.51e-027	0.00000135	8.25	7.5
3500	6.98e-027	0.00000208	8.22	7.49
3500	7.48e-027	0.00000212	8.19	7.47
3510	7.44e-027	0.00000211	8.18	7.45
3520	7.41e-027	0.00000249	8.59	7.43
3530	7.38e-027	0.00000297	8.81	7.42
3540	7.34e-027	0.00000361	9.01	7.4
3550	7.31e-027	0.00000476	9.27	7.38
3560	7.94e-027	0.00000552	9.39	7.37
3570	7.9e-027	0.00000673	9.53	7.35
3580	8.57e-027	0.00000883	9.69	7.33
3590	9.26e-027	0.0000118	9.76	7.32
3590	1.07e-026	0.0000143	9.85	7.3
3600	1.07e-026	0.0000175	9.94	7.28
3610	1.15e-026	0.0000201	9.98	7.27
3620	1.14e-026	0.0000223	10	7.25
3630	1.14e-026	0.0000236	10.1	7.24
3640	1.13e-026	0.0000235	10.1	7.22
3650	1.22e-026	0.0000336	10.1	7.2
3660	1.22e-026	0.000047	10.2	7.19
3670	1.21e-026	0.0000619	10.2	7.17
3680	1.21e-026	0.0000812	10.2	7.16
3680	1.2e-026	0.0000956	10.2	7.14
3690	1.2e-026	0.000111	10.2	7.13
3700	1.19e-026	0.000131	10.2	7.11
3710	1.19e-026	0.000155	10.1	7.1
3720	1.18e-026	0.000183	10.1	7.08
3730	1.18e-026	0.000219	10.1	7.07
3740	1.29e-026	0.000261	10	7.05
3750	1.41e-026	0.000409	10	7.04
3760	1.4e-026	0.000441	10	7.03
3770	1.4e-026	0.000517	9.97	7.01
3770	1.52e-026	0.000659	9.95	7
3780	1.65e-026	0.000705	9.93	6.98
3790	1.78e-026	0.000841	9.9	6.97
3800	1.77e-026	0.00137	9.88	6.96
3810	1.76e-026	0.00143	9.86	6.94
3820	1.91e-026	0.00168	9.83	6.93
3830	1.9e-026	0.00196	9.81	6.92
3840	1.89e-026	0.00234	9.78	6.9
3850	1.88e-026	0.0028	9.75	6.89
3860	1.87e-026	0.00382	9.72	6.88
3860	1.86e-026	0.00451	9.69	6.86
3870	1.86e-026	0.00544	9.65	6.85
3880	1.85e-026	0.00613	9.62	6.84
3890	1.84e-026	0.00611	9.59	6.82
3900	1.83e-026	0.00788	9.56	6.81
3910	1.82e-026	0.0105	9.53	6.8
3920	1.81e-026	0.0123	9.49	6.79
3930	1.81e-026	0.0155	9.46	6.77
3940	1.8e-026	0.0195	9.43	6.76
3950	1.79e-026	0.0226	9.4	6.75
3950	1.78e-026	0.0286	9.37	6.74
3960	1.77e-026	0.0348	9.33	6.73
3970	1.77e-026	0.0401	9.3	6.71
3980	1.76e-026	0.0462	9.27	6.7
3990	1.75e-026	0.0541	9.24	6.69
4000	1.74e-026	0.0631	9.2	6.68
4010	1.73e-026	0.0628	9.17	6.67
4020	1.73e-026	0.0625	9.14	6.66
4030	1.72e-026	0.0623	9.11	6.65
4040	1.71e-026	0.062	9.08	6.63
4050	1.7e-026	0.0617	9.05	6.62
4050	1.7e-026	0.0614	9.02	6.61
4060	1.69e-026	0.0612	8.99	6.6
4070	1.68e-026	0.0609	8.96	6.59
4080	1.67e-026	0.0606	8.93	6.58
4090	1.67e-026	0.0603	8.9	6.57
4100	1.66e-026	0.0601	8.87	6.56
4110	1.65e-026	0.0598	8.84	6.55
4120	1.64e-026	0.0595	8.81	6.54
4130	1.64e-026	0.0593	8.78	6.53
4140	1.63e-026	0.059	8.76	6.52
4140	1.62e-026	0.0587	8.73	6.51
4150	1.61e-026	0.0585	8.7	6.49
4160	1.61e-026	0.0582	8.67	6.48
4170	1.6e-026	0.0579	8.64	6.47
4180	1.59e-026	0.0577	8.62	6.46
4190	1.59e-026	0.0574	8.59	6.45
4200	1.58e-026	0.0572	8.56	6.44
4210	1.57e-026	0.0569	8.54	6.44
4220	1.56e-026	0.0566	8.51	6.43
4230	1.56e-026	0.0564	8.48	6.42
4230	1.55e-026	0.0561	8.46	6.41
4240	1.54e-026	0.0559	8.43	6.4
4250	1.54e-026	0.0556	8.41	6.39
4260	1.53e-026	0.0554	8.38	6.38
4270	1.52e-026	0.0551	8.36	6.37
4280	1.52e-026	0.0549	8.33	6.36
4290	1.51e-026	0.0546	8.31	6.35
4300	1.5e-026	0.0544	8.28	6.34
4310	1.5e-026	0.0542	8.26	6.33
4320	1.49e-026	0.0539	8.23	6.32
4320	1.48e-026	0.0537	8.21	6.31
4330	1.48e-026	0.0534	8.19	6.31
4340	1.47e-026	0.0532	8.16	6.3
4350	1.46e-026	0.0529	8.14	6.29
4360	1.46e-026	0.0527	8.11	6.28
4370	1.45e-026	0.0525	8.09	6.27
4380	1.44e-026	0.0522	8.07	6.26
4390	1.44e-026	0.052	8.05	6.25
4400	1.43e-026	0.0518	8.02	6.25
4410	1.42e-026	0.0515	8	6.24
4410	1.42e-026	0.0513	7.98	6.23
4420	1.41e-026	0.0511	7.96	6.22
4430	1.4e-026	0.0508	7.93	6.21
4440	1.4e-026	0.0506	7.91	6.21
4450	1.39e-026	0.0504	7.89	6.2
4460	1.38e-026	0.0502	7.87	6.19
4470	1.38e-026	0.0499	7.85	6.18
4480	1.37e-026	0.0497	7.83	6.17
4490	1.37e-026	0.0495	7.81	6.17
4500	1.36e-026	0.0493	7.79	6.16
4500	1.35e-026	0.049	7.76	6.15
4510	1.35e-026	0.0488	7.74	6.14
4520	1.34e-026	0.0486	7.72	6.14
4530	1.34e-026	0.0484	7.7	6.13
4540	1.33e-026	0.0482	7.68	6.12
4550	1.32e-026	0.048	7.66	6.11
4560	1.32e-026	0.0477	7.64	6.11
4570	1.31e-026	0.0475	7.62	6.1
4580	1.31e-026	0.0473	7.61	6.09
4590	1.3e-026	0.0471	7.59	6.08
4590	1.29e-026	0.0469	7.57	6.08
4600	1.29e-026	0.0467	7.55	6.07
4610	1.28e-026	0.0465	7.53	6.06
4620	1.28e-026	0.0463	7.51	6.06
4630	1.27e-026	0.046	7.49	6.05
4640	1.27e-026	0.0458	7.47	6.04
4650	1.26e-026	0.0456	7.46	6.04
4660	1.25e-026	0.0454	7.44	6.03
4670	1.25e-026	0.0452	7.42	6.02
4680	1.24e-026	0.045	7.4	6.02
4680	1.24e-026	0.0448	7.38	6.01
4690	1.23e-026	0.0446	7.37	6
4700	1.23e-026	0.0444	7.35	6
4710	1.22e-026	0.0442	7.33	5.99
4720	1.22e-026	0.044	7.31	5.98
4730	1.21e-026	0.0438	7.3	5.98
4740	1.2e-026	0.0436	7.28	5.97
4750	1.2e-026	0.0434	7.26	5.97
4760	1.19e-026	0.0432	7.25	5.96
4770	1.19e-026	0.043	7.23	5.95
4770	1.18e-026	0.0428	7.21	5.95
4780	1.18e-026	0.0427	7.2	5.94
4790	1.17e-026	0.0425	7.18	5.93
4800	1.17e-026	0.0423	7.17	5.93
4810	1.16e-026	0.0421	7.15	5.92
4820	1.16e-026	0.0419	7.13	5.92
4830	1.15e-026	0.0417	7.12	5.91
4840	1.15e-026	0.0415	7.1	5.91
4850	1.14e-026	0.0413	7.09	5.9
4860	1.14e-026	0.0411	7.07	5.89
4860	1.13e-026	0.041	7.06	5.89
4870	1.13e-026	0.0408	7.04	5.88
4880	1.12e-026	0.0406	7.03	5.88
4890	1.12e-026	0.0404	7.01	5.87
4900	1.11e-026	0.0402	7	5.87
4910	1.11e-026	0.04	6.98	5.86
4920	1.1e-026	0.0399	6.97	5.85
4930	1.1e-026	0.0397	6.95	5.85
4940	1.09e-026	0.0395	6.94	5.84
4950	1.09e-026	0.0393	6.93	5.84
4950	1.08e-026	0.0392	6.91	5.83
4960	1.08e-026	0.039	6.9	5.83
4970	1.07e-026	0.0388	6.88	5.82
4980	1.07e-026	0.0386	6.87	5.82
4990	1.06e-026	0.0385	6.86	5.81
5000	1.06e-026	0.0383	6.84	5.81
5010	1.05e-026	0.0381	6.83	5.8
5020	1.05e-026	0.0379	6.82	5.8
5030	1.04e-026	0.0378	6.8	5.79
5040	1.04e-026	0.0376	6.79	5.79
5050	1.03e-026	0.0374	6.78	5.78
5050	1.03e-026	0.0373	6.77	5.78
5060	1.02e-026	0.0371	6.75	5.77
5070	1.02e-026	0.0369	6.74	5.77
5080	1.01e-026	0.0368	6.73	5.76
5090	1.01e-026	0.0366	6.71	5.76
5100	1.01e-026	0.0364	6.7	5.75
5110	1e-026	0.0363	6.69	5.75
5120	9.97e-027	0.0361	6.68	5.75
5130	9.92e-027	0.0359	6.67	5.74
5140	9.88e-027	0.0358	6.65	5.74
5140	9.83e-027	0.0356	6.64	5.73
5150	9.79e-027	0.0355	6.63	5.73
5160	9.75e-027	0.0353	6.62	5.72
5170	9.7e-027	0.0351	6.61	5.72
5180	9.66e-027	0.035	6.59	5.71
5190	9.62e-027	0.0348	6.58	5.71
5200	9.57e-027	0.0347	6.57	5.7
5210	9.53e-027	0.0345	6.56	5.7
5220	9.49e-027	0.0344	6.55	5.7
5230	9.44e-027	0.0342	6.54	5.69
5230	9.4e-027	0.034	6.53	5.69
5240	9.36e-027	0.0339	6.52	5.68
5250	9.32e-027	0.0337	6.51	5.68
5260	9.28e-027	0.0336	6.49	5.68
5270	9.23e-027	0.0334	6.48	5.67
5280	9.19e-027	0.0333	6.47	5.67
5290	9.15e-027	0.0331	6.46	5.66
5300	9.11e-027	0.033	6.45	5.66
5310	9.07e-027	0.0328	6.44	5.66
5320	9.03e-027	0.0327	6.43	5.65
5320	8.99e-027	0.0326	6.42	5.65
5330	8.95e-027	0.0324	6.41	5.64
5340	8.91e-027	0.0323	6.4	5.64
5350	8.87e-027	0.0321	6.39	5.64
5360	8.83e-027	0.032	6.38	5.63
5370	8.79e-027	0.0318	6.37	5.63
5380	8.75e-027	0.0317	6.36	5.62
5390	8.71e-027	0.0315	6.35	5.62
5400	8.67e-027	0.0314	6.34	5.62
5410	8.63e-027	0.0313	6.33	5.61
5410	8.59e-027	0.0311	6.32	5.61
5420	8.55e-027	0.031	6.31	5.61
5430	8.51e-027	0.0308	6.3	5.6
5440	8.48e-027	0.0307	6.29	5.6
5450	8.44e-027	0.0306	6.29	5.6
5460	8.4e-027	0.0304	6.28	5.59
5470	8.36e-027	0.0303	6.27	5.59
5480	8.32e-027	0.0302	6.26	5.59
5490	8.29e-027	0.03	6.25	5.58
5500	8.25e-027	0.0299	6.24	5.58
5500	8.21e-027	0.0297	6.23	5.58
5510	8.18e-027	0.0296	6.22	5.57
5520	8.14e-027	0.0295	6.21	5.57
5530	8.1e-027	0.0293	6.21	5.56
5540	8.07e-027	0.0292	6.2	5.56
5550	8.03e-027	0.0291	6.19	5.56
5560	7.99e-027	0.029	6.18	5.56
5570	7.96e-027	0.0288	6.17	5.55
5580	7.92e-027	0.0287	6.16	5.55
5590	7.89e-027	0.0286	6.16	5.55
5590	7.85e-027	0.0284	6.15	5.54
5600	7.82e-027	0.0283	6.14	5.54
5610	7.78e-027	0.0282	6.13	5.54
5620	7.75e-027	0.0281	6.12	5.53
5630	7.71e-027	0.0279	6.12	5.53
5640	7.68e-027	0.0278	6.11	5.53
5650	7.64e-027	0.0277	6.1	5.52
5660	7.61e-027	0.0276	6.09	5.52
5670	7.57e-027	0.0274	6.08	5.52
5680	7.54e-027	0.0273	6.08	5.52
5680	7.51e-027	0.0272	6.07	5.51
5690	7.47e-027	0.0271	6.06	5.51
5700	7.44e-027	0.0269	6.05	5.51
5710	7.4e-027	0.0268	6.05	5.5
5720	7.37e-027	0.0267	6.04	5.5
5730	7.34e-027	0.0266	6.03	5.5
5740	7.31e-027	0.0265	6.03	5.49
5750	7.27e-027	0.0263	6.02	5.49
5760	7.24e-027	0.0262	6.01	5.49
5770	7.21e-027	0.0261	6	5.49
5770	7.18e-027	0.026	6	5.48
5780	7.14e-027	0.0259	5.99	5.48
5790	7.11e-027	0.0258	5.98	5.48
5800	7.08e-027	0.0256	5.98	5.48
5810	7.05e-027	0.0255	5.97	5.47
5820	7.02e-027	0.0254	5.96	5.47
5830	6.98e-027	0.0253	5.96	5.47
5840	6.95e-027	0.0252	5.95	5.47
5850	6.92e-027	0.0251	5.94	5.46
5860	6.89e-027	0.025	5.94	5.46
5860	6.86e-027	0.0248	5.93	5.46
5870	6.83e-027	0.0247	5.92	5.45
5880	6.8e-027	0.0246	5.92	5.45
5890	6.77e-027	0.0245	5.91	5.45
5900	6.74e-027	0.0244	5.9	5.45
5910	6.71e-027	0.0243	5.9	5.45
5920	6.68e-027	0.0242	5.89	5.44
5930	6.65e-027	0.0241	5.89	5.44
5940	6.62e-027	0.024	5.88	5.44
5950	6.59e-027	0.0239	5.87	5.44
5950	6.56e-027	0.0237	5.87	5.43
5960	6.53e-027	0.0236	5.86	5.43
5970	6.5e-027	0.0235	5.86	5.43
5980	6.47e-027	0.0234	5.85	5.43
5990	6.44e-027	0.0233	5.84	5.42
6000	6.41e-027	0.0232	5.84	5.42
6010	6.38e-027	0.0231	5.83	5.42
6020	6.35e-027	0.023	5.83	5.42
6030	6.32e-027	0.0229	5.82	5.41
6040	6.3e-027	0.0228	5.82	5.41
6050	6.27e-027	0.0227	5.81	5.41
6050	6.24e-027	0.0226	5.8	5.41
6060	6.21e-027	0.0225	5.8	5.41
6070	6.18e-027	0.0224	5.79	5.4
6080	6.16e-027	0.0223	5.79	5.4
6090	6.13e-027	0.0222	5.78	5.4
6100	6.1e-027	0.0221	5.78	5.4
6110	6.07e-027	0.022	5.77	5.39
6120	6.05e-027	0.0219	5.77	5.39
6130	6.02e-027	0.0218	5.76	5.39
6140	5.99e-027	0.0217	5.76	5.39
6140	5.97e-027	0.0216	5.75	5.39
6150	5.94e-027	0.0215	5.75	5.38
6160	5.91e-027	0.0214	5.74	5.38
6170	5.89e-027	0.0213	5.74	5.38
6180	5.86e-027	0.0212	5.73	5.38
6190	5.83e-027	0.0211	5.73	5.38
6200	5.81e-027	0.021	5.72	5.37
6210	5.78e-027	0.0209	5.72	5.37
6220	5.75e-027	0.0208	5.71	5.37
6230	5.73e-027	0.0207	5.71	5.37
6230	5.7e-027	0.0207	5.7	5.37
6240	5.68e-027	0.0206	5.7	5.36
6250	5.65e-027	0.0205	5.69	5.36
6260	5.63e-027	0.0204	5.69	5.36
6270	5.6e-027	0.0203	5.68	5.36
6280	5.58e-027	0.0202	5.68	5.36
6290	5.55e-027	0.0201	5.67	5.36
6300	5.53e-027	0.02	5.67	5.35
6310	5.5e-027	0.0199	5.67	5.35
6320	5.48e-027	0.0198	5.66	5.35
6320	5.45e-027	0.0197	5.66	5.35
6330	5.43e-027	0.0197	5.65	5.35
6340	5.4e-027	0.0196	5.65	5.34
6350	5.38e-027	0.0195	5.64	5.34
6360	5.35e-027	0.0194	5.64	5.34
6370	5.33e-027	0.0193	5.63	5.34
6380	5.31e-027	0.0192	5.63	5.34
6390	5.28e-027	0.0191	5.63	5.34
6400	5.26e-027	0.019	5.62	5.33
6410	5.23e-027	0.019	5.62	5.33
6410	5.21e-027	0.0189	5.61	5.33
6420	5.19e-027	0.0188	5.61	5.33
6430	5.16e-027	0.0187	5.61	5.33
6440	5.14e-027	0.0186	5.6	5.33
6450	5.12e-027	0.0185	5.6	5.32
6460	5.1e-027	0.0185	5.59	5.32
6470	5.07e-027	0.0184	5.59	5.32
6480	5.05e-027	0.0183	5.59	5.32
6490	5.03e-027	0.0182	5.58	5.32
6500	5e-027	0.0181	5.58	5.32
6500	4.98e-027	0.018	5.57	5.31
6510	4.96e-027	0.018	5.57	5.31
6520	4.94e-027	0.0179	5.57	5.31
6530	4.91e-027	0.0178	5.56	5.31
6540	4.89e-027	0.0177	5.56	5.31
6550	4.87e-027	0.0176	5.56	5.31
6560	4.85e-027	0.0176	5.55	5.31
6570	4.83e-027	0.0175	5.55	5.3
6580	4.81e-027	0.0174	5.55	5.3
6590	4.78e-027	0.0173	5.54	5.3
6590	4.76e-027	0.0172	5.54	5.3
6600	4.74e-027	0.0172	5.53	5.3
6610	4.72e-027	0.0171	5.53	5.3
6620	4.7e-027	0.017	5.53	5.3
6630	4.68e-027	0.0169	5.52	5.29
6640	4.66e-027	0.0169	5.52	5.29
6650	4.64e-027	0.0168	5.52	5.29
6660	4.61e-027	0.0167	5.51	5.29
6670	4.59e-027	0.0166	5.51	5.29
6680	4.57e-027	0.0166	5.51	5.29
6680	4.55e-027	0.0165	5.5	5.29
6690	4.53e-027	0.0164	5.5	5.28
6700	4.51e-027	0.0163	5.5	5.28
6710	4.49e-027	0.0163	5.49	5.28
6720	4.47e-027	0.0162	5.49	5.28
6730	4.45e-027	0.0161	5.49	5.28
6740	4.43e-027	0.016	5.49	5.28
6750	4.41e-027	0.016	5.48	5.28
6760	4.39e-027	0.0159	5.48	5.27
6770	4.37e-027	0.0158	5.48	5.27
6770	4.35e-027	0.0158	5.47	5.27
6780	4.33e-027	0.0157	5.47	5.27
6790	4.31e-027	0.0156	5.47	5.27
6800	4.29e-027	0.0155	5.46	5.27
6810	4.27e-027	0.0155	5.46	5.27
6820	4.25e-027	0.0154	5.46	5.27
6830	4.24e-027	0.0153	5.46	5.26
6840	4.22e-027	0.0153	5.45	5.26
6850	4.2e-027	0.0152	5.45	5.26
6860	4.18e-027	0.0151	5.45	5.26
6860	4.16e-027	0.0151	5.44	5.26
6870	4.14e-027	0.015	5.44	5.26
6880	4.12e-027	0.0149	5.44	5.26
6890	4.1e-027	0.0149	5.44	5.26
6900	4.09e-027	0.0148	5.43	5.25
6910	4.07e-027	0.0147	5.43	5.25
6920	4.05e-027	0.0147	5.43	5.25
6930	4.03e-027	0.0146	5.42	5.25
6940	4.01e-027	0.0145	5.42	5.25
6950	3.99e-027	0.0145	5.42	5.25
6950	3.98e-027	0.0144	5.42	5.25
6960	3.96e-027	0.0143	5.41	5.25
6970	3.94e-027	0.0143	5.41	5.25
6980	3.92e-027	0.0142	5.41	5.24
6990	3.91e-027	0.0141	5.41	5.24
7000	3.89e-027	0.0141	5.4	5.24
7010	3.87e-027	0.014	5.4	5.24
7020	3.85e-027	0.014	5.4	5.24
7030	3.84e-027	0.0139	5.4	5.24
7040	3.82e-027	0.0138	5.39	5.24
7050	3.8e-027	0.0138	5.39	5.24
7050	3.78e-027	0.0137	5.39	5.24
7060	3.77e-027	0.0136	5.39	5.23
7070	3.75e-027	0.0136	5.38	5.23
7080	3.73e-027	0.0135	5.38	5.23
7090	3.72e-027	0.0135	5.38	5.23
7100	3.7e-027	0.0134	5.38	5.23
7110	3.68e-027	0.0133	5.37	5.23
7120	3.67e-027	0.0133	5.37	5.23
7130	3.65e-027	0.0132	5.37	5.23
7140	3.63e-027	0.0132	5.37	5.23
7140	3.62e-027	0.0131	5.37	5.23
7150	3.6e-027	0.013	5.36	5.22
7160	3.59e-027	0.013	5.36	5.22
7170	3.57e-027	0.0129	5.36	5.22
7180	3.55e-027	0.0129	5.36	5.22
7190	3.54e-027	0.0128	5.35	5.22
7200	3.52e-027	0.0128	5.35	5.22
7210	3.51e-027	0.0127	5.35	5.22
7220	3.49e-027	0.0126	5.35	5.22
7230	3.47e-027	0.0126	5.35	5.22
7230	3.46e-027	0.0125	5.34	5.22
7240	3.44e-027	0.0125	5.34	5.22
7250	3.43e-027	0.0124	5.34	5.21
7260	3.41e-027	0.0124	5.34	5.21
7270	3.4e-027	0.0123	5.34	5.21
7280	3.38e-027	0.0122	5.33	5.21
7290	3.37e-027	0.0122	5.33	5.21
7300	3.35e-027	0.0121	5.33	5.21
7310	3.34e-027	0.0121	5.33	5.21
7320	3.32e-027	0.012	5.33	5.21
7320	3.31e-027	0.012	5.32	5.21
7330	3.29e-027	0.0119	5.32	5.21
7340	3.28e-027	0.0119	5.32	5.21
7350	3.26e-027	0.0118	5.32	5.2
7360	3.25e-027	0.0118	5.32	5.2
7370	3.23e-027	0.0117	5.31	5.2
7380	3.22e-027	0.0117	5.31	5.2
7390	3.2e-027	0.0116	5.31	5.2
7400	3.19e-027	0.0116	5.31	5.2
7410	3.17e-027	0.0115	5.31	5.2
7410	3.16e-027	0.0114	5.3	5.2
7420	3.15e-027	0.0114	5.3	5.2
7430	3.13e-027	0.0113	5.3	5.2
7440	3.12e-027	0.0113	5.3	5.2
7450	3.1e-027	0.0112	5.3	5.2
7460	3.09e-027	0.0112	5.3	5.19
7470	3.08e-027	0.0111	5.29	5.19
7480	3.06e-027	0.0111	5.29	5.19
7490	3.05e-027	0.011	5.29	5.19
7500	3.04e-027	0.011	5.29	5.19
7500	3.02e-027	0.0109	5.29	5.19
7510	3.01e-027	0.0109	5.29	5.19
7520	2.99e-027	0.0108	5.28	5.19
7530	2.98e-027	0.0108	5.28	5.19
7540	2.97e-027	0.0107	5.28	5.19
7550	2.95e-027	0.0107	5.28	5.19
7560	2.94e-027	0.0107	5.28	5.19
7570	2.93e-027	0.0106	5.28	5.19
7580	2.91e-027	0.0106	5.27	5.18
7590	2.9e-027	0.0105	5.27	5.18
7590	2.89e-027	0.0105	5.27	5.18
7600	2.88e-027	0.0104	5.27	5.18
7610	2.86e-027	0.0104	5.27	5.18
7620	2.85e-027	0.0103	5.27	5.18
7630	2.84e-027	0.0103	5.26	5.18
7640	2.82e-027	0.0102	5.26	5.18
7650	2.81e-027	0.0102	5.26	5.18
7660	2.8e-027	0.0101	5.26	5.18
7670	2.79e-027	0.0101	5.26	5.18
7680	2.77e-027	0.01	5.26	5.18
7680	2.76e-027	0.01	5.26	5.18
7690	2.75e-027	0.00996	5.25	5.18
7700	2.74e-027	0.00991	5.25	5.17
7710	2.72e-027	0.00987	5.25	5.17
7720	2.71e-027	0.00982	5.25	5.17
7730	2.7e-027	0.00978	5.25	5.17
7740	2.69e-027	0.00973	5.25	5.17
7750	2.68e-027	0.00969	5.25	5.17
7760	2.66e-027	0.00965	5.24	5.17
7770	2.65e-027	0.0096	5.24	5.17
7770	2.64e-027	0.00956	5.24	5.17
7780	2.63e-027	0.00952	5.24	5.17
7790	2.62e-027	0.00947	5.24	5.17
7800	2.6e-027	0.00943	5.24	5.17
7810	2.59e-027	0.00939	5.24	5.17
7820	2.58e-027	0.00935	5.24	5.17
7830	2.57e-027	0.0093	5.23	5.17
7840	2.56e-027	0.00926	5.23	5.16
7850	2.55e-027	0.00922	5.23	5.16
7860	2.53e-027	0.00918	5.23	5.16
7860	2.52e-027	0.00914	5.23	5.16
7870	2.51e-027	0.0091	5.23	5.16
7880	2.5e-027	0.00906	5.23	5.16
7890	2.49e-027	0.00902	5.22	5.16
7900	2.48e-027	0.00898	5.22	5.16
7910	2.47e-027	0.00894	5.22	5.16
7920	2.46e-027	0.00889	5.22	5.16
7930	2.44e-027	0.00885	5.22	5.16
7940	2.43e-027	0.00882	5.22	5.16
7950	2.42e-027	0.00878	5.22	5.16
7950	2.41e-027	0.00874	5.22	5.16
7960	2.4e-027	0.0087	5.22	5.16
7970	2.39e-027	0.00866	5.21	5.16
7980	2.38e-027	0.00862	5.21	5.16
7990	2.37e-027	0.00858	5.21	5.15
8000	2.36e-027	0.00854	5.21	5.15
8010	2.35e-027	0.0085	5.21	5.15
8020	2.34e-027	0.00846	5.21	5.15
8030	2.33e-027	0.00843	5.21	5.15
8040	2.32e-027	0.00839	5.21	5.15
8050	2.31e-027	0.00835	5.21	5.15
8050	2.3e-027	0.00831	5.2	5.15
8060	2.29e-027	0.00828	5.2	5.15
8070	2.27e-027	0.00824	5.2	5.15
8080	2.26e-027	0.0082	5.2	5.15
8090	2.25e-027	0.00817	5.2	5.15
8100	2.24e-027	0.00813	5.2	5.15
8110	2.23e-027	0.00809	5.2	5.15
8120	2.22e-027	0.00806	5.2	5.15
8130	2.21e-027	0.00802	5.2	5.15
8140	2.2e-027	0.00798	5.19	5.15
8140	2.19e-027	0.00795	5.19	5.15
8150	2.18e-027	0.00791	5.19	5.14
8160	2.17e-027	0.00788	5.19	5.14
8170	2.16e-027	0.00784	5.19	5.14
8180	2.16e-027	0.00781	5.19	5.14
8190	2.15e-027	0.00777	5.19	5.14
8200	2.14e-027	0.00774	5.19	5.14
8210	2.13e-027	0.0077	5.19	5.14
8220	2.12e-027	0.00767	5.19	5.14
8230	2.11e-027	0.00763	5.18	5.14
8230	2.1e-027	0.0076	5.18	5.14
8240	2.09e-027	0.00756	5.18	5.14
8250	2.08e-027	0.00753	5.18	5.14
8260	2.07e-027	0.0075	5.18	5.14
8270	2.06e-027	0.00746	5.18	5.14
8280	2.05e-027	0.00743	5.18	5.14
8290	2.04e-027	0.00739	5.18	5.14
8300	2.03e-027	0.00736	5.18	5.14
8310	2.02e-027	0.00733	5.18	5.14
8320	2.01e-027	0.0073	5.18	5.14
8320	2.01e-027	0.00726	5.17	5.14
8330	2e-027	0.00723	5.17	5.13
8340	1.99e-027	0.0072	5.17	5.13
8350	1.98e-027	0.00717	5.17	5.13
8360	1.97e-027	0.00713	5.17	5.13
8370	1.96e-027	0.0071	5.17	5.13
8380	1.95e-027	0.00707	5.17	5.13
8390	1.94e-027	0.00704	5.17	5.13
8400	1.93e-027	0.00701	5.17	5.13
8410	1.93e-027	0.00697	5.17	5.13
8410	1.92e-027	0.00694	5.17	5.13
8420	1.91e-027	0.00691	5.16	5.13
8430	1.9e-027	0.00688	5.16	5.13
8440	1.89e-027	0.00685	5.16	5.13
8450	1.88e-027	0.00682	5.16	5.13
8460	1.87e-027	0.00679	5.16	5.13
8470	1.87e-027	0.00676	5.16	5.13
8480	1.86e-027	0.00673	5.16	5.13
8490	1.85e-027	0.0067	5.16	5.13
8500	1.84e-027	0.00667	5.16	5.13
8500	1.83e-027	0.00664	5.16	5.13
8510	1.82e-027	0.00661	5.16	5.13
8520	1.82e-027	0.00658	5.16	5.13
8530	1.81e-027	0.00655	5.16	5.13
8540	1.8e-027	0.00652	5.15	5.12
8550	1.79e-027	0.00649	5.15	5.12
8560	1.78e-027	0.00646	5.15	5.12
8570	1.78e-027	0.00643	5.15	5.12
8580	1.77e-027	0.0064	5.15	5.12
8590	1.76e-027	0.00637	5.15	5.12
8590	1.75e-027	0.00634	5.15	5.12
8600	1.74e-027	0.00632	5.15	5.12
8610	1.74e-027	0.00629	5.15	5.12
8620	1.73e-027	0.00626	5.15	5.12
8630	1.72e-027	0.00623	5.15	5.12
8640	1.71e-027	0.0062	5.15	5.12
8650	1.71e-027	0.00618	5.15	5.12
8660	1.7e-027	0.00615	5.14	5.12
8670	1.69e-027	0.00612	5.14	5.12
8680	1.68e-027	0.00609	5.14	5.12
8680	1.67e-027	0.00607	5.14	5.12
8690	1.67e-027	0.00604	5.14	5.12
8700	1.66e-027	0.00601	5.14	5.12
8710	1.65e-027	0.00598	5.14	5.12
8720	1.64e-027	0.00596	5.14	5.12
8730	1.64e-027	0.00593	5.14	5.12
8740	1.63e-027	0.0059	5.14	5.12
8750	1.62e-027	0.00588	5.14	5.12
8760	1.62e-027	0.00585	5.14	5.12
8770	1.61e-027	0.00582	5.14	5.12
8770	1.6e-027	0.0058	5.14	5.11
8780	1.59e-027	0.00577	5.14	5.11
8790	1.59e-027	0.00575	5.13	5.11
8800	1.58e-027	0.00572	5.13	5.11
8810	1.57e-027	0.00569	5.13	5.11
8820	1.57e-027	0.00567	5.13	5.11
8830	1.56e-027	0.00564	5.13	5.11
8840	1.55e-027	0.00562	5.13	5.11
8850	1.54e-027	0.00559	5.13	5.11
8860	1.54e-027	0.00557	5.13	5.11
8860	1.53e-027	0.00554	5.13	5.11
8870	1.52e-027	0.00552	5.13	5.11
8880	1.52e-027	0.00549	5.13	5.11
8890	1.51e-027	0.00547	5.13	5.11
8900	1.5e-027	0.00544	5.13	5.11
8910	1.5e-027	0.00542	5.13	5.11
8920	1.49e-027	0.0054	5.13	5.11
8930	1.48e-027	0.00537	5.13	5.11
8940	1.48e-027	0.00535	5.13	5.11
8950	1.47e-027	0.00532	5.12	5.11
8950	1.46e-027	0.0053	5.12	5.11
8960	1.46e-027	0.00527	5.12	5.11
8970	1.45e-027	0.00525	5.12	5.11
8980	1.44e-027	0.00523	5.12	5.11
8990	1.44e-027	0.0052	5.12	5.11
9000	1.43e-027	0.00518	5.12	5.11