"Time [s]"	"[B*] 0.25 Hz dc 0.37"	"[B*] 0.33 Hz dc 0.5"	"[B*] 0.4 Hz dc 0.6"	"[B*] 0.5 Hz dc 0.75"
0	0	0	0	0
9	2.53e-033	2.59e-033	7.64e-033	1.19e-032
18	2.58e-033	5.21e-033	2e-032	2.35e-032
27	2.63e-033	7.91e-033	3.54e-032	3.75e-032
36	2.67e-033	1.84e-032	5.54e-032	5.63e-032
45	2.72e-033	2.49e-032	7.72e-032	7.79e-032
54	2.77e-033	3.13e-032	1.06e-031	1.12e-031
63.1	2.82e-033	4.48e-032	1.42e-031	1.58e-031
72.1	2.87e-033	7.06e-032	2.04e-031	2.24e-031
81.1	2.91e-033	8.87e-032	2.95e-031	3.1e-031
90.1	2.96e-033	9.92e-032	4.35e-031	4.48e-031
99.1	3.01e-033	1.29e-031	6.08e-031	6.89e-031
108	3.05e-033	1.63e-031	8.11e-031	1.06e-030
117	3.1e-033	1.97e-031	1.27e-030	1.61e-030
126	3.15e-033	2.68e-031	2.01e-030	2.42e-030
135	3.19e-033	3.75e-031	3.58e-030	4.28e-030
144	3.24e-033	4.1e-031	6.25e-030	7.7e-030
153	3.28e-033	4.08e-031	1.03e-029	1.27e-029
162	3.33e-033	5.45e-031	1.59e-029	2.12e-029
171	3.37e-033	8.84e-031	2.52e-029	4.04e-029
180	8.97e-033	1.44e-030	3.96e-029	7.76e-029
189	1.42e-032	1.92e-030	6.89e-029	1.47e-028
198	1.48e-032	2.39e-030	1.25e-028	2.81e-028
207	2.1e-032	3.98e-030	2.62e-028	5.39e-028
216	2.15e-032	5.72e-030	5.06e-028	9.48e-028
225	3.1e-032	8.28e-030	9.5e-028	1.77e-027
234	4.62e-032	1.33e-029	1.77e-027	3.25e-027
243	5.49e-032	1.52e-029	2.77e-027	6.89e-027
252	7.42e-032	1.85e-029	4.74e-027	1.44e-026
261	7.87e-032	2.76e-029	8.27e-027	2.84e-026
270	8.61e-032	4.69e-029	1.5e-026	5.36e-026
279	9.47e-032	6.52e-029	2.62e-026	1.06e-025
288	1.04e-031	7.98e-029	5.3e-026	2.11e-025
297	1.15e-031	1.21e-028	9.7e-026	4.48e-025
306	1.67e-031	1.96e-028	1.48e-025	9.25e-025
315	1.66e-031	2.23e-028	2.51e-025	1.9e-024
324	2.1e-031	4.09e-028	4.56e-025	3.89e-024
333	2.27e-031	6.6e-028	7.94e-025	7.99e-024
342	2.26e-031	9.44e-028	1.78e-024	1.65e-023
351	2.25e-031	1.06e-027	3.52e-024	3.43e-023
360	2.24e-031	1.67e-027	6.66e-024	7.22e-023
369	2.23e-031	2.54e-027	1.02e-023	1.51e-022
378	2.22e-031	4.66e-027	1.79e-023	3.19e-022
387	2.21e-031	5.81e-027	3.07e-023	6.73e-022
396	2.2e-031	8.73e-027	5.01e-023	1.43e-021
405	2.86e-031	1.28e-026	1.02e-022	3.02e-021
414	4.34e-031	1.69e-026	1.68e-022	6.27e-021
423	4.32e-031	2.55e-026	3.31e-022	1.35e-020
432	5.2e-031	4.84e-026	5.49e-022	2.9e-020
441	7.17e-031	7.02e-026	9.47e-022	6.23e-020
450	9.4e-031	9.86e-026	1.54e-021	1.33e-019
459	1.19e-030	1.41e-025	3.22e-021	2.73e-019
468	1.37e-030	2.26e-025	5.34e-021	5.48e-019
477	1.64e-030	2.86e-025	9.72e-021	1.1e-018
486	1.83e-030	2.85e-025	1.63e-020	2.39e-018
495	1.82e-030	4.98e-025	2.6e-020	5.3e-018
504	2.41e-030	4.95e-025	4.4e-020	1.05e-017
514	3.21e-030	1.19e-024	7.52e-020	2.17e-017
523	3.54e-030	1.95e-024	1.22e-019	4.34e-017
532	3.53e-030	3.12e-024	2.18e-019	9.02e-017
541	3.7e-030	3.99e-024	3.46e-019	1.88e-016
550	4.02e-030	5.02e-024	7.42e-019	3.71e-016
559	4e-030	7.59e-024	1.34e-018	8.03e-016
568	6.65e-030	9.09e-024	2.18e-018	1.68e-015
577	8.28e-030	1.2e-023	3.49e-018	3.45e-015
586	8.24e-030	1.42e-023	5.41e-018	7.07e-015
595	8.2e-030	2.38e-023	8.82e-018	1.46e-014
604	1.08e-029	4.18e-023	1.61e-017	2.99e-014
613	1.07e-029	6.68e-023	3e-017	6.13e-014
622	1.07e-029	1.09e-022	5.46e-017	1.23e-013
631	1.06e-029	1.72e-022	8.17e-017	2.57e-013
640	1.27e-029	2.68e-022	1.29e-016	5.35e-013
649	1.85e-029	3.5e-022	2.15e-016	1.11e-012
658	2.26e-029	5.15e-022	3.62e-016	2.18e-012
667	2.56e-029	8.58e-022	5.43e-016	4.56e-012
676	3.26e-029	1.37e-021	9.07e-016	9.64e-012
685	4.06e-029	1.86e-021	1.51e-015	2.01e-011
694	4.04e-029	2.63e-021	2.96e-015	4.2e-011
703	4.02e-029	3.38e-021	5.32e-015	8.7e-011
712	4e-029	3.37e-021	8.25e-015	1.81e-010
721	4.34e-029	5.98e-021	1.26e-014	3.75e-010
730	5.65e-029	8.51e-021	1.99e-014	7.79e-010
739	7.77e-029	1.91e-020	3.28e-014	1.62e-009
748	7.73e-029	2.45e-020	5.1e-014	3.35e-009
757	1.05e-028	2.44e-020	8.49e-014	6.99e-009
766	1.24e-028	3.04e-020	1.35e-013	1.46e-008
775	1.23e-028	5.55e-020	2.27e-013	3.08e-008
784	1.87e-028	1.06e-019	3.93e-013	6.35e-008
793	2.37e-028	1.52e-019	5.88e-013	1.33e-007
802	2.47e-028	2.82e-019	9.65e-013	2.76e-007
811	2.45e-028	4.51e-019	1.87e-012	5.64e-007
820	2.44e-028	5.11e-019	3.35e-012	0.00000117
829	2.43e-028	9.37e-019	5.83e-012	0.0000024
838	2.42e-028	1.26e-018	1.01e-011	0.00000496
847	3.37e-028	1.44e-018	1.55e-011	0.0000102
856	4.42e-028	2.14e-018	2.08e-011	0.0000187
865	5.36e-028	2.17e-018	3.32e-011	0.0000354
874	7.07e-028	4.52e-018	5.74e-011	0.0000753
883	7.83e-028	6.55e-018	9.72e-011	0.000151
892	8.78e-028	1.05e-017	1.61e-010	0.000306
901	1.06e-027	1.74e-017	2.62e-010	0.000583
910	1.36e-027	1.8e-017	4.15e-010	0.00121
919	1.5e-027	2.08e-017	6.36e-010	0.00248
928	1.5e-027	2.73e-017	1.03e-009	0.00497
937	1.49e-027	3.56e-017	1.54e-009	0.00985
946	1.48e-027	4.65e-017	2.99e-009	0.0194
955	1.48e-027	8.83e-017	5.69e-009	0.0383
964	1.47e-027	1.42e-016	1e-008	0.0756
973	1.99e-027	1.98e-016	1.54e-008	0.149
982	2.83e-027	3.05e-016	2.27e-008	0.268
991	3.62e-027	4.84e-016	3.11e-008	0.547
1000	4.52e-027	4.81e-016	5.67e-008	1.08
1010	4.5e-027	6.18e-016	1.08e-007	1.94
1020	5.1e-027	1.04e-015	1.94e-007	3.24
1030	6.45e-027	1.6e-015	3.11e-007	5.21
1040	7.17e-027	2.19e-015	4.95e-007	6.97
1050	8.7e-027	3.59e-015	7.2e-007	8.66
1050	9.98e-027	4.39e-015	0.00000132	9.95
1060	1.12e-026	6.13e-015	0.00000214	10.9
1070	1.25e-026	1.09e-014	0.0000033	11.4
1080	1.39e-026	1.62e-014	0.0000053	11.7
1090	1.38e-026	2.27e-014	0.00000819	12.1
1100	1.79e-026	3.36e-014	0.0000139	12.3
1110	2.02e-026	4.83e-014	0.0000229	12.4
1120	2.52e-026	6.73e-014	0.0000379	12.5
1130	2.83e-026	9.59e-014	0.0000735	12.6
1140	3.53e-026	1.39e-013	0.000117	12.7
1140	3.91e-026	2.02e-013	0.000192	12.8
1150	3.89e-026	2.96e-013	0.000338	12.8
1160	4.41e-026	5.27e-013	0.000603	12.9
1170	4.39e-026	7.88e-013	0.00105	12.9
1180	4.37e-026	1.09e-012	0.00184	13
1190	4.98e-026	1.83e-012	0.00272	13
1200	6.82e-026	1.85e-012	0.00409	13.1
1210	7.7e-026	2.81e-012	0.00644	13.1
1220	8.68e-026	3.87e-012	0.0116	13.1
1230	1.09e-025	5.04e-012	0.023	13.2
1230	1.24e-025	1.1e-011	0.0424	13.2
1240	1.23e-025	1.65e-011	0.0759	13.3
1250	1.42e-025	1.93e-011	0.121	13.3
1260	1.76e-025	2.07e-011	0.187	13.4
1270	1.97e-025	3.31e-011	0.305	13.4
1280	2.45e-025	5.39e-011	0.563	13.5
1290	3.04e-025	5.36e-011	0.853	13.5
1300	3.89e-025	5.34e-011	1.31	13.6
1310	4.28e-025	5.32e-011	2.11	13.6
1320	5.15e-025	5.29e-011	3.08	13.6
1320	5.66e-025	5.27e-011	3.75	13.7
1330	6.83e-025	5.25e-011	5.3	13.7
1340	8.34e-025	5.22e-011	6.69	13.8
1350	1e-024	5.2e-011	8.04	13.8
1360	1.2e-024	5.17e-011	9.15	13.9
1370	1.44e-024	9.34e-011	9.95	13.9
1380	1.45e-024	2.26e-010	10.5	14
1390	1.8e-024	3.74e-010	11	14
1400	2.21e-024	6e-010	11.5	14
1410	2.2e-024	8.61e-010	11.7	14.1
1410	2.19e-024	1.1e-009	12	14.1
1420	2.18e-024	1.2e-009	12.2	14.2
1430	2.29e-024	1.61e-009	12.3	14.2
1440	3.05e-024	2.26e-009	12.4	14.3
1450	3.55e-024	2.81e-009	12.5	14.3
1460	4.12e-024	3.76e-009	12.6	14.3
1470	5.6e-024	3.74e-009	12.7	14.4
1480	7.59e-024	4.54e-009	12.7	14.4
1490	8.41e-024	6.05e-009	12.8	14.4
1500	1.04e-023	9.04e-009	12.9	14.5
1500	1.27e-023	1.32e-008	13	14.5
1510	1.41e-023	1.86e-008	13	14.5
1520	1.56e-023	2.31e-008	13.1	14.6
1530	1.56e-023	3.39e-008	13.1	14.6
1540	1.55e-023	4.28e-008	13.1	14.6
1550	1.54e-023	6.02e-008	13.1	14.7
1560	1.54e-023	8.36e-008	13.2	14.7
1570	1.53e-023	1.1e-007	13.1	14.7
1580	1.52e-023	1.47e-007	13.2	14.7
1590	1.87e-023	2.21e-007	13.3	14.8
1590	2.62e-023	3.49e-007	13.4	14.8
1600	3.42e-023	5.37e-007	13.4	14.8
1610	3.84e-023	7.08e-007	13.4	14.8
1620	3.82e-023	9.61e-007	13.5	14.8
1630	4.91e-023	0.00000147	13.5	14.8
1640	5.47e-023	0.00000225	13.6	14.8
1650	6.1e-023	0.00000333	13.6	14.8
1660	6.81e-023	0.00000456	13.6	14.8
1670	7.6e-023	0.00000639	13.7	14.8
1680	8.46e-023	0.00000636	13.7	14.8
1680	9.4e-023	0.00000633	13.7	14.7
1690	9.36e-023	0.0000063	13.8	14.7
1700	1.06e-022	0.00000628	13.9	14.7
1710	1.32e-022	0.00000625	13.9	14.7
1720	1.46e-022	0.00000622	13.8	14.7
1730	1.46e-022	0.00000619	13.9	14.6
1740	1.63e-022	0.00000616	13.9	14.6
1750	1.63e-022	0.00000614	13.9	14.6
1760	2.04e-022	0.00000611	13.9	14.6
1770	2.5e-022	0.00000608	13.9	14.5
1770	2.75e-022	0.00000605	13.9	14.5
1780	3.3e-022	0.00000603	14	14.5
1790	3.77e-022	0.000006	14	14.4
1800	4.28e-022	0.00000597	14	14.4
1810	5.09e-022	0.00000594	14	14.3
1820	6e-022	0.00000592	14	14.3
1830	6.8e-022	0.00000589	14	14.2
1840	7.7e-022	0.00000587	14	14.2
1850	8.37e-022	0.00000584	14	14.2
1860	8.33e-022	0.00000581	14	14.1
1860	8.3e-022	0.00000579	14	14.1
1870	8.26e-022	0.00000576	13.9	14
1880	8.22e-022	0.00000573	13.9	14
1890	8.19e-022	0.00000571	13.8	13.9
1900	9.47e-022	0.0000194	13.8	13.9
1910	9.42e-022	0.0000345	13.8	13.8
1920	9.38e-022	0.0000652	13.8	13.8
1930	9.34e-022	0.0000866	13.8	13.7
1940	1.38e-021	0.000104	13.7	13.7
1950	1.82e-021	0.000124	13.7	13.6
1950	2.01e-021	0.000147	13.7	13.6
1960	2e-021	0.000162	13.6	13.5
1970	2.15e-021	0.000185	13.6	13.5
1980	2.48e-021	0.000219	13.5	13.4
1990	2.75e-021	0.000249	13.5	13.4
2000	3.33e-021	0.0003	13.4	13.3
2010	3.65e-021	0.000361	13.4	13.3
2020	3.99e-021	0.000461	13.3	13.2
2030	3.97e-021	0.000588	13.3	13.2
2040	4.4e-021	0.000707	13.2	13.1
2050	5.17e-021	0.000859	13.2	13.1
2050	5.29e-021	0.00106	13.1	13
2060	5.27e-021	0.00122	13.1	13
2070	5.25e-021	0.00154	13.1	12.9
2080	5.7e-021	0.00197	13	12.9
2090	5.85e-021	0.00299	13	12.8
2100	6.54e-021	0.00408	12.9	12.8
2110	7.32e-021	0.0056	12.9	12.7
2120	8.84e-021	0.00719	12.8	12.7
2130	9.66e-021	0.00716	12.8	12.6
2140	1.06e-020	0.00803	12.7	12.6
2140	1.27e-020	0.0105	12.7	12.5
2150	1.56e-020	0.015	12.7	12.5
2160	1.58e-020	0.021	12.6	12.4
2170	1.86e-020	0.0361	12.6	12.4
2180	2e-020	0.0361	12.5	12.4
2190	2.17e-020	0.0448	12.5	12.3
2200	2.35e-020	0.0498	12.4	12.3
2210	2.56e-020	0.0796	12.4	12.2
2220	2.59e-020	0.0792	12.3	12.2
2230	3.29e-020	0.0995	12.3	12.1
2230	3.32e-020	0.104	12.2	12.1
2240	3.31e-020	0.113	12.2	12
2250	3.29e-020	0.174	12.1	12
2260	3.62e-020	0.27	12.1	12
2270	4.09e-020	0.356	12.1	11.9
2280	4.51e-020	0.46	12	11.9
2290	4.96e-020	0.588	12	11.8
2300	4.94e-020	0.746	11.9	11.8
2310	5.5e-020	0.94	11.9	11.7
2320	5.47e-020	1.09	11.8	11.7
2320	6.72e-020	1.39	11.8	11.7
2330	6.69e-020	1.75	11.7	11.6
2340	6.66e-020	2.2	11.7	11.6
2350	8.19e-020	2.74	11.7	11.5
2360	9.19e-020	2.96	11.6	11.5
2370	1.07e-019	3.73	11.6	11.5
2380	1.26e-019	4.56	11.5	11.4
2390	1.36e-019	5.12	11.5	11.4
2400	1.62e-019	5.98	11.4	11.3
2410	1.84e-019	6.8	11.4	11.3
2410	1.99e-019	7.56	11.4	11.3
2420	2.31e-019	8.24	11.3	11.2
2430	2.48e-019	8.64	11.3	11.2
2440	2.9e-019	9.01	11.2	11.2
2450	2.9e-019	9.18	11.2	11.1
2460	3.16e-019	9.67	11.2	11.1
2470	3.15e-019	10.1	11.1	11
2480	3.81e-019	10.6	11.1	11
2490	4.16e-019	11	11.1	11
2500	4.14e-019	11.3	11	10.9
2500	5.02e-019	11.6	11	10.9
2510	5e-019	11.8	10.9	10.9
2520	4.97e-019	11.9	10.9	10.8
2530	5.55e-019	12	10.9	10.8
2540	6.41e-019	12.1	10.8	10.8
2550	7.49e-019	12.1	10.8	10.7
2560	8.99e-019	12.2	10.8	10.7
2570	9.77e-019	12.2	10.7	10.7
2580	1.1e-018	12.3	10.7	10.6
2590	1.26e-018	12.3	10.6	10.6
2590	1.26e-018	12.4	10.6	10.6
2600	1.25e-018	12.4	10.6	10.5
2610	1.24e-018	12.5	10.5	10.5
2620	1.39e-018	12.5	10.5	10.5
2630	1.7e-018	12.5	10.5	10.4
2640	2.03e-018	12.4	10.4	10.4
2650	2.02e-018	12.5	10.4	10.4
2660	2.01e-018	12.5	10.4	10.3
2670	2e-018	12.5	10.3	10.3
2680	2.46e-018	12.5	10.3	10.3
2680	2.69e-018	12.5	10.3	10.2
2690	2.96e-018	12.5	10.2	10.2
2700	3.52e-018	12.4	10.2	10.2
2710	3.81e-018	12.4	10.2	10.1
2720	3.79e-018	12.4	10.1	10.1
2730	3.78e-018	12.4	10.1	10.1
2740	3.76e-018	12.3	10.1	10.1
2750	3.74e-018	12.3	10	10
2760	3.73e-018	12.3	10	9.99
2770	3.71e-018	12.2	9.98	9.96
2770	3.69e-018	12.2	9.95	9.93
2780	4.87e-018	12.2	9.92	9.9
2790	5.39e-018	12.2	9.89	9.88
2800	5.88e-018	12.1	9.86	9.85
2810	6.38e-018	12.1	9.83	9.82
2820	6.9e-018	12.1	9.8	9.79
2830	8.4e-018	12	9.77	9.76
2840	9.95e-018	12	9.74	9.74
2850	1.13e-017	11.9	9.71	9.71
2860	1.29e-017	11.9	9.68	9.68
2860	1.33e-017	11.9	9.65	9.66
2870	1.47e-017	11.8	9.62	9.63
2880	1.57e-017	11.8	9.6	9.6
2890	1.81e-017	11.7	9.57	9.58
2900	2.03e-017	11.7	9.54	9.55
2910	2.25e-017	11.7	9.51	9.52
2920	2.24e-017	11.6	9.49	9.5
2930	2.23e-017	11.6	9.46	9.47
2940	2.22e-017	11.5	9.43	9.45
2950	2.21e-017	11.5	9.41	9.42
2950	2.2e-017	11.4	9.38	9.4
2960	2.19e-017	11.4	9.35	9.37
2970	2.18e-017	11.4	9.33	9.35
2980	2.17e-017	11.3	9.3	9.32
2990	2.16e-017	11.3	9.27	9.3
3000	2.15e-017	11.2	9.25	9.27
3010	2.14e-017	11.2	9.22	9.25
3020	2.13e-017	11.2	9.2	9.23
3030	2.12e-017	11.1	9.17	9.2
3040	2.11e-017	11.1	9.15	9.18
3050	2.1e-017	11	9.12	9.16
3050	2.09e-017	11	9.1	9.13
3060	2.65e-017	11	9.07	9.11
3070	3.22e-017	10.9	9.05	9.09
3080	3.49e-017	10.9	9.03	9.06
3090	3.47e-017	10.8	9	9.04
3100	3.45e-017	10.8	8.98	9.02
3110	3.44e-017	10.8	8.96	9
3120	3.66e-017	10.7	8.93	8.98
3130	4.03e-017	10.7	8.91	8.95
3140	5.02e-017	10.6	8.89	8.93
3140	5.89e-017	10.6	8.86	8.91
3150	6.47e-017	10.6	8.84	8.89
3160	6.93e-017	10.5	8.82	8.87
3170	7.76e-017	10.5	8.8	8.85
3180	8.18e-017	10.4	8.77	8.83
3190	8.14e-017	10.4	8.75	8.8
3200	8.11e-017	10.4	8.73	8.78
3210	8.69e-017	10.3	8.71	8.76
3220	8.65e-017	10.3	8.69	8.74
3230	9.18e-017	10.3	8.66	8.72
3230	1.07e-016	10.2	8.64	8.7
3240	1.22e-016	10.2	8.62	8.68
3250	1.22e-016	10.2	8.6	8.66
3260	1.21e-016	10.1	8.58	8.64
3270	1.21e-016	10.1	8.56	8.62
3280	1.2e-016	10	8.54	8.6
3290	1.22e-016	10	8.52	8.58
3300	1.3e-016	9.98	8.5	8.56
3310	1.29e-016	9.95	8.48	8.55
3320	1.29e-016	9.91	8.46	8.53
3320	1.28e-016	9.88	8.44	8.51
3330	1.5e-016	9.85	8.42	8.49
3340	1.63e-016	9.81	8.4	8.47
3350	1.75e-016	9.78	8.38	8.45
3360	1.78e-016	9.75	8.36	8.43
3370	2.01e-016	9.72	8.34	8.42
3380	2.14e-016	9.68	8.32	8.4
3390	2.13e-016	9.65	8.3	8.38
3400	2.47e-016	9.62	8.29	8.36
3410	2.58e-016	9.59	8.27	8.34
3410	2.57e-016	9.56	8.25	8.33
3420	2.56e-016	9.53	8.23	8.31
3430	2.79e-016	9.5	8.21	8.29
3440	3.11e-016	9.47	8.19	8.27
3450	3.31e-016	9.44	8.18	8.26
3460	3.51e-016	9.41	8.16	8.24
3470	3.49e-016	9.38	8.14	8.22
3480	3.48e-016	9.35	8.12	8.21
3490	3.72e-016	9.32	8.11	8.19
3500	4.23e-016	9.29	8.09	8.17
3500	4.58e-016	9.26	8.07	8.16
3510	5.06e-016	9.23	8.05	8.14
3520	5.36e-016	9.2	8.04	8.12
3530	6.01e-016	9.17	8.02	8.11
3540	6.48e-016	9.15	8	8.09
3550	7.12e-016	9.12	7.99	8.08
3560	7.99e-016	9.09	7.97	8.06
3570	7.95e-016	9.06	7.95	8.05
3580	8.46e-016	9.04	7.94	8.03
3590	8.42e-016	9.01	7.92	8.01
3590	8.38e-016	8.98	7.91	8
3600	8.35e-016	8.96	7.89	7.98
3610	9.32e-016	8.93	7.87	7.97
3620	9.71e-016	8.9	7.86	7.95
3630	9.66e-016	8.88	7.84	7.94
3640	9.62e-016	8.85	7.83	7.92
3650	1.08e-015	8.83	7.81	7.91
3660	1.22e-015	8.8	7.8	7.89
3670	1.21e-015	8.78	7.78	7.88
3680	1.3e-015	8.75	7.77	7.87
3680	1.44e-015	8.73	7.75	7.85
3690	1.72e-015	8.7	7.74	7.84
3700	1.71e-015	8.68	7.72	7.82
3710	1.7e-015	8.65	7.71	7.81
3720	1.69e-015	8.63	7.69	7.79
3730	1.96e-015	8.6	7.68	7.78
3740	2.09e-015	8.58	7.66	7.77
3750	2.23e-015	8.56	7.65	7.75
3760	2.22e-015	8.53	7.63	7.74
3770	2.21e-015	8.51	7.62	7.73
3770	2.37e-015	8.49	7.61	7.71
3780	2.36e-015	8.46	7.59	7.7
3790	2.35e-015	8.44	7.58	7.69
3800	2.53e-015	8.42	7.57	7.67
3810	2.91e-015	8.4	7.55	7.66
3820	2.89e-015	8.37	7.54	7.65
3830	3.2e-015	8.35	7.52	7.63
3840	3.28e-015	8.33	7.51	7.62
3850	3.27e-015	8.31	7.5	7.61
3860	3.26e-015	8.29	7.49	7.6
3860	3.24e-015	8.27	7.47	7.58
3870	3.23e-015	8.24	7.46	7.57
3880	3.45e-015	8.22	7.45	7.56
3890	3.44e-015	8.2	7.43	7.55
3900	3.67e-015	8.18	7.42	7.53
3910	3.9e-015	8.16	7.41	7.52
3920	4.14e-015	8.14	7.4	7.51
3930	4.38e-015	8.12	7.38	7.5
3940	4.52e-015	8.1	7.37	7.49
3950	5.15e-015	8.08	7.36	7.47
3950	5.12e-015	8.06	7.35	7.46
3960	5.39e-015	8.04	7.33	7.45
3970	6.71e-015	8.02	7.32	7.44
3980	7.47e-015	8	7.31	7.43
3990	8.56e-015	7.98	7.3	7.42
4000	9.61e-015	7.96	7.29	7.4
4010	9.57e-015	7.94	7.27	7.39
4020	9.53e-015	7.93	7.26	7.38
4030	9.48e-015	7.91	7.25	7.37
4040	9.44e-015	7.89	7.24	7.36
4050	9.4e-015	7.87	7.23	7.35
4050	9.36e-015	7.85	7.22	7.34
4060	9.32e-015	7.83	7.21	7.33
4070	9.27e-015	7.82	7.2	7.32
4080	9.23e-015	7.8	7.18	7.3
4090	9.19e-015	7.78	7.17	7.29
4100	9.15e-015	7.76	7.16	7.28
4110	9.11e-015	7.74	7.15	7.27
4120	9.07e-015	7.73	7.14	7.26
4130	9.03e-015	7.71	7.13	7.25
4140	8.99e-015	7.69	7.12	7.24
4140	8.94e-015	7.68	7.11	7.23
4150	8.9e-015	7.66	7.1	7.22
4160	8.86e-015	7.64	7.09	7.21
4170	8.82e-015	7.63	7.08	7.2
4180	8.79e-015	7.61	7.07	7.19
4190	8.75e-015	7.59	7.06	7.18
4200	8.71e-015	7.58	7.05	7.17
4210	8.67e-015	7.56	7.04	7.16
4220	8.63e-015	7.54	7.03	7.15
4230	8.59e-015	7.53	7.02	7.14
4230	8.55e-015	7.51	7.01	7.13
4240	8.51e-015	7.5	7	7.12
4250	8.47e-015	7.48	6.99	7.11
4260	8.44e-015	7.47	6.98	7.1
4270	8.4e-015	7.45	6.97	7.09
4280	8.36e-015	7.43	6.96	7.08
4290	8.32e-015	7.42	6.95	7.08
4300	8.29e-015	7.4	6.94	7.07
4310	8.25e-015	7.39	6.93	7.06
4320	8.21e-015	7.38	6.92	7.05
4320	8.17e-015	7.36	6.91	7.04
4330	8.14e-015	7.35	6.9	7.03
4340	8.1e-015	7.33	6.89	7.02
4350	8.06e-015	7.32	6.88	7.01
4360	8.03e-015	7.3	6.87	7
4370	7.99e-015	7.29	6.87	6.99
4380	7.96e-015	7.27	6.86	6.99
4390	7.92e-015	7.26	6.85	6.98
4400	7.89e-015	7.25	6.84	6.97
4410	7.85e-015	7.23	6.83	6.96
4410	7.81e-015	7.22	6.82	6.95
4420	7.78e-015	7.21	6.81	6.94
4430	7.74e-015	7.19	6.8	6.93
4440	7.71e-015	7.18	6.8	6.93
4450	7.67e-015	7.17	6.79	6.92
4460	7.64e-015	7.15	6.78	6.91
4470	7.61e-015	7.14	6.77	6.9
4480	7.57e-015	7.13	6.76	6.89
4490	7.54e-015	7.11	6.75	6.89
4500	7.5e-015	7.1	6.75	6.88
4500	7.47e-015	7.09	6.74	6.87
4510	7.44e-015	7.08	6.73	6.86
4520	7.4e-015	7.06	6.72	6.85
4530	7.37e-015	7.05	6.71	6.85
4540	7.34e-015	7.04	6.71	6.84
4550	7.3e-015	7.03	6.7	6.83
4560	7.27e-015	7.01	6.69	6.82
4570	7.24e-015	7	6.68	6.81
4580	7.21e-015	6.99	6.67	6.81
4590	7.17e-015	6.98	6.67	6.8
4590	7.14e-015	6.97	6.66	6.79
4600	7.11e-015	6.95	6.65	6.78
4610	7.08e-015	6.94	6.64	6.78
4620	7.05e-015	6.93	6.64	6.77
4630	7.01e-015	6.92	6.63	6.76
4640	6.98e-015	6.91	6.62	6.75
4650	6.95e-015	6.9	6.61	6.75
4660	6.92e-015	6.89	6.61	6.74
4670	6.89e-015	6.87	6.6	6.73
4680	6.86e-015	6.86	6.59	6.73
4680	6.83e-015	6.85	6.59	6.72
4690	6.8e-015	6.84	6.58	6.71
4700	6.77e-015	6.83	6.57	6.7
4710	6.73e-015	6.82	6.56	6.7
4720	6.7e-015	6.81	6.56	6.69
4730	6.67e-015	6.8	6.55	6.68
4740	6.64e-015	6.79	6.54	6.68
4750	6.61e-015	6.78	6.54	6.67
4760	6.58e-015	6.77	6.53	6.66
4770	6.56e-015	6.76	6.52	6.66
4770	6.53e-015	6.75	6.52	6.65
4780	6.5e-015	6.74	6.51	6.64
4790	6.47e-015	6.73	6.5	6.64
4800	6.44e-015	6.72	6.5	6.63
4810	6.41e-015	6.71	6.49	6.62
4820	6.38e-015	6.7	6.48	6.62
4830	6.35e-015	6.69	6.48	6.61
4840	6.32e-015	6.68	6.47	6.6
4850	6.29e-015	6.67	6.46	6.6
4860	6.27e-015	6.66	6.46	6.59
4860	6.24e-015	6.65	6.45	6.59
4870	6.21e-015	6.64	6.44	6.58
4880	6.18e-015	6.63	6.44	6.57
4890	6.15e-015	6.62	6.43	6.57
4900	6.13e-015	6.61	6.43	6.56
4910	6.1e-015	6.6	6.42	6.55
4920	6.07e-015	6.59	6.41	6.55
4930	6.04e-015	6.58	6.41	6.54
4940	6.02e-015	6.57	6.4	6.54
4950	5.99e-015	6.56	6.4	6.53
4950	5.96e-015	6.56	6.39	6.52
4960	5.94e-015	6.55	6.38	6.52
4970	5.91e-015	6.54	6.38	6.51
4980	5.88e-015	6.53	6.37	6.51
4990	5.86e-015	6.52	6.37	6.5
5000	5.83e-015	6.51	6.36	6.49
5010	5.8e-015	6.5	6.36	6.49
5020	5.78e-015	6.5	6.35	6.48
5030	5.75e-015	6.49	6.34	6.48
5040	5.73e-015	6.48	6.34	6.47
5050	5.7e-015	6.47	6.33	6.47
5050	5.68e-015	6.46	6.33	6.46
5060	5.65e-015	6.45	6.32	6.46
5070	5.62e-015	6.45	6.32	6.45
5080	5.6e-015	6.44	6.31	6.44
5090	5.57e-015	6.43	6.3	6.44
5100	5.55e-015	6.42	6.3	6.43
5110	5.52e-015	6.41	6.29	6.43
5120	5.5e-015	6.41	6.29	6.42
5130	5.47e-015	6.4	6.28	6.42
5140	5.45e-015	6.39	6.28	6.41
5140	5.43e-015	6.38	6.27	6.41
5150	5.4e-015	6.38	6.27	6.4
5160	5.38e-015	6.37	6.26	6.4
5170	5.35e-015	6.36	6.26	6.39
5180	5.33e-015	6.35	6.25	6.39
5190	5.3e-015	6.35	6.25	6.38
5200	5.28e-015	6.34	6.24	6.38
5210	5.26e-015	6.33	6.24	6.37
5220	5.23e-015	6.32	6.23	6.37
5230	5.21e-015	6.32	6.23	6.36
5230	5.19e-015	6.31	6.22	6.36
5240	5.16e-015	6.3	6.22	6.35
5250	5.14e-015	6.29	6.21	6.35
5260	5.12e-015	6.29	6.21	6.34
5270	5.09e-015	6.28	6.2	6.34
5280	5.07e-015	6.27	6.2	6.33
5290	5.05e-015	6.27	6.19	6.33
5300	5.03e-015	6.26	6.19	6.32
5310	5e-015	6.25	6.18	6.32
5320	4.98e-015	6.25	6.18	6.31
5320	4.96e-015	6.24	6.17	6.31
5330	4.94e-015	6.23	6.17	6.3
5340	4.91e-015	6.23	6.17	6.3
5350	4.89e-015	6.22	6.16	6.29
5360	4.87e-015	6.21	6.16	6.29
5370	4.85e-015	6.21	6.15	6.28
5380	4.83e-015	6.2	6.15	6.28
5390	4.8e-015	6.19	6.14	6.27
5400	4.78e-015	6.19	6.14	6.27
5410	4.76e-015	6.18	6.13	6.27
5410	4.74e-015	6.18	6.13	6.26
5420	4.72e-015	6.17	6.12	6.26
5430	4.7e-015	6.16	6.12	6.25
5440	4.68e-015	6.16	6.12	6.25
5450	4.65e-015	6.15	6.11	6.24
5460	4.63e-015	6.15	6.11	6.24
5470	4.61e-015	6.14	6.1	6.23
5480	4.59e-015	6.13	6.1	6.23
5490	4.57e-015	6.13	6.1	6.23
5500	4.55e-015	6.12	6.09	6.22
5500	4.53e-015	6.12	6.09	6.22
5510	4.51e-015	6.11	6.08	6.21
5520	4.49e-015	6.1	6.08	6.21
5530	4.47e-015	6.1	6.07	6.2
5540	4.45e-015	6.09	6.07	6.2
5550	4.43e-015	6.09	6.07	6.2
5560	4.41e-015	6.08	6.06	6.19
5570	4.39e-015	6.08	6.06	6.19
5580	4.37e-015	6.07	6.05	6.18
5590	4.35e-015	6.07	6.05	6.18
5590	4.33e-015	6.06	6.05	6.18
5600	4.31e-015	6.05	6.04	6.17
5610	4.29e-015	6.05	6.04	6.17
5620	4.27e-015	6.04	6.03	6.16
5630	4.25e-015	6.04	6.03	6.16
5640	4.23e-015	6.03	6.03	6.16
5650	4.22e-015	6.03	6.02	6.15
5660	4.2e-015	6.02	6.02	6.15
5670	4.18e-015	6.02	6.02	6.14
5680	4.16e-015	6.01	6.01	6.14
5680	4.14e-015	6.01	6.01	6.14
5690	4.12e-015	6	6	6.13
5700	4.1e-015	6	6	6.13
5710	4.08e-015	5.99	6	6.13
5720	4.07e-015	5.99	5.99	6.12
5730	4.05e-015	5.98	5.99	6.12
5740	4.03e-015	5.98	5.99	6.11
5750	4.01e-015	5.97	5.98	6.11
5760	3.99e-015	5.97	5.98	6.11
5770	3.98e-015	5.96	5.98	6.1
5770	3.96e-015	5.96	5.97	6.1
5780	3.94e-015	5.95	5.97	6.1
5790	3.92e-015	5.95	5.97	6.09
5800	3.91e-015	5.94	5.96	6.09
5810	3.89e-015	5.94	5.96	6.08
5820	3.87e-015	5.93	5.95	6.08
5830	3.85e-015	5.93	5.95	6.08
5840	3.84e-015	5.93	5.95	6.07
5850	3.82e-015	5.92	5.94	6.07
5860	3.8e-015	5.92	5.94	6.07
5860	3.78e-015	5.91	5.94	6.06
5870	3.77e-015	5.91	5.93	6.06
5880	3.75e-015	5.9	5.93	6.06
5890	3.73e-015	5.9	5.93	6.05
5900	3.72e-015	5.89	5.92	6.05
5910	3.7e-015	5.89	5.92	6.05
5920	3.68e-015	5.89	5.92	6.04
5930	3.67e-015	5.88	5.92	6.04
5940	3.65e-015	5.88	5.91	6.04
5950	3.63e-015	5.87	5.91	6.03
5950	3.62e-015	5.87	5.91	6.03
5960	3.6e-015	5.87	5.9	6.03
5970	3.58e-015	5.86	5.9	6.02
5980	3.57e-015	5.86	5.9	6.02
5990	3.55e-015	5.85	5.89	6.02
6000	3.54e-015	5.85	5.89	6.01
6010	3.52e-015	5.84	5.89	6.01
6020	3.5e-015	5.84	5.88	6.01
6030	3.49e-015	5.84	5.88	6
6040	3.47e-015	5.83	5.88	6
6050	3.46e-015	5.83	5.87	6
6050	3.44e-015	5.82	5.87	5.99
6060	3.43e-015	5.82	5.87	5.99
6070	3.41e-015	5.82	5.87	5.99
6080	3.4e-015	5.81	5.86	5.99
6090	3.38e-015	5.81	5.86	5.98
6100	3.37e-015	5.81	5.86	5.98
6110	3.35e-015	5.8	5.85	5.98
6120	3.34e-015	5.8	5.85	5.97
6130	3.32e-015	5.79	5.85	5.97
6140	3.31e-015	5.79	5.85	5.97
6140	3.29e-015	5.79	5.84	5.96
6150	3.28e-015	5.78	5.84	5.96
6160	3.26e-015	5.78	5.84	5.96
6170	3.25e-015	5.78	5.83	5.96
6180	3.23e-015	5.77	5.83	5.95
6190	3.22e-015	5.77	5.83	5.95
6200	3.2e-015	5.77	5.83	5.95
6210	3.19e-015	5.76	5.82	5.94
6220	3.17e-015	5.76	5.82	5.94
6230	3.16e-015	5.76	5.82	5.94
6230	3.15e-015	5.75	5.82	5.93
6240	3.13e-015	5.75	5.81	5.93
6250	3.12e-015	5.75	5.81	5.93
6260	3.1e-015	5.74	5.81	5.93
6270	3.09e-015	5.74	5.8	5.92
6280	3.08e-015	5.74	5.8	5.92
6290	3.06e-015	5.73	5.8	5.92
6300	3.05e-015	5.73	5.8	5.92
6310	3.03e-015	5.73	5.79	5.91
6320	3.02e-015	5.72	5.79	5.91
6320	3.01e-015	5.72	5.79	5.91
6330	2.99e-015	5.72	5.79	5.9
6340	2.98e-015	5.71	5.78	5.9
6350	2.97e-015	5.71	5.78	5.9
6360	2.95e-015	5.71	5.78	5.9
6370	2.94e-015	5.7	5.78	5.89
6380	2.93e-015	5.7	5.77	5.89
6390	2.91e-015	5.7	5.77	5.89
6400	2.9e-015	5.69	5.77	5.89
6410	2.89e-015	5.69	5.77	5.88
6410	2.87e-015	5.69	5.76	5.88
6420	2.86e-015	5.69	5.76	5.88
6430	2.85e-015	5.68	5.76	5.88
6440	2.84e-015	5.68	5.76	5.87
6450	2.82e-015	5.68	5.75	5.87
6460	2.81e-015	5.67	5.75	5.87
6470	2.8e-015	5.67	5.75	5.86
6480	2.79e-015	5.67	5.75	5.86
6490	2.77e-015	5.66	5.74	5.86
6500	2.76e-015	5.66	5.74	5.86
6500	2.75e-015	5.66	5.74	5.85
6510	2.74e-015	5.66	5.74	5.85
6520	2.72e-015	5.65	5.74	5.85
6530	2.71e-015	5.65	5.73	5.85
6540	2.7e-015	5.65	5.73	5.85
6550	2.69e-015	5.65	5.73	5.84
6560	2.67e-015	5.64	5.73	5.84
6570	2.66e-015	5.64	5.72	5.84
6580	2.65e-015	5.64	5.72	5.84
6590	2.64e-015	5.63	5.72	5.83
6590	2.63e-015	5.63	5.72	5.83
6600	2.62e-015	5.63	5.72	5.83
6610	2.6e-015	5.63	5.71	5.83
6620	2.59e-015	5.62	5.71	5.82
6630	2.58e-015	5.62	5.71	5.82
6640	2.57e-015	5.62	5.71	5.82
6650	2.56e-015	5.62	5.7	5.82
6660	2.55e-015	5.61	5.7	5.81
6670	2.53e-015	5.61	5.7	5.81
6680	2.52e-015	5.61	5.7	5.81
6680	2.51e-015	5.61	5.7	5.81
6690	2.5e-015	5.6	5.69	5.8
6700	2.49e-015	5.6	5.69	5.8
6710	2.48e-015	5.6	5.69	5.8
6720	2.47e-015	5.6	5.69	5.8
6730	2.46e-015	5.59	5.69	5.8
6740	2.44e-015	5.59	5.68	5.79
6750	2.43e-015	5.59	5.68	5.79
6760	2.42e-015	5.59	5.68	5.79
6770	2.41e-015	5.58	5.68	5.79
6770	2.4e-015	5.58	5.68	5.78
6780	2.39e-015	5.58	5.67	5.78
6790	2.38e-015	5.58	5.67	5.78
6800	2.37e-015	5.57	5.67	5.78
6810	2.36e-015	5.57	5.67	5.78
6820	2.35e-015	5.57	5.67	5.77
6830	2.34e-015	5.57	5.66	5.77
6840	2.33e-015	5.57	5.66	5.77
6850	2.32e-015	5.56	5.66	5.77
6860	2.31e-015	5.56	5.66	5.77
6860	2.29e-015	5.56	5.66	5.76
6870	2.28e-015	5.56	5.65	5.76
6880	2.27e-015	5.55	5.65	5.76
6890	2.26e-015	5.55	5.65	5.76
6900	2.25e-015	5.55	5.65	5.75
6910	2.24e-015	5.55	5.65	5.75
6920	2.23e-015	5.55	5.64	5.75
6930	2.22e-015	5.54	5.64	5.75
6940	2.21e-015	5.54	5.64	5.75
6950	2.2e-015	5.54	5.64	5.74
6950	2.19e-015	5.54	5.64	5.74
6960	2.18e-015	5.53	5.63	5.74
6970	2.17e-015	5.53	5.63	5.74
6980	2.16e-015	5.53	5.63	5.74
6990	2.15e-015	5.53	5.63	5.73
7000	2.15e-015	5.53	5.63	5.73
7010	2.14e-015	5.52	5.63	5.73
7020	2.13e-015	5.52	5.62	5.73
7030	2.12e-015	5.52	5.62	5.73
7040	2.11e-015	5.52	5.62	5.72
7050	2.1e-015	5.52	5.62	5.72
7050	2.09e-015	5.51	5.62	5.72
7060	2.08e-015	5.51	5.61	5.72
7070	2.07e-015	5.51	5.61	5.72
7080	2.06e-015	5.51	5.61	5.71
7090	2.05e-015	5.51	5.61	5.71
7100	2.04e-015	5.5	5.61	5.71
7110	2.03e-015	5.5	5.61	5.71
7120	2.02e-015	5.5	5.6	5.71
7130	2.01e-015	5.5	5.6	5.71
7140	2e-015	5.5	5.6	5.7
7140	2e-015	5.5	5.6	5.7
7150	1.99e-015	5.49	5.6	5.7
7160	1.98e-015	5.49	5.6	5.7
7170	1.97e-015	5.49	5.59	5.7
7180	1.96e-015	5.49	5.59	5.69
7190	1.95e-015	5.49	5.59	5.69
7200	1.94e-015	5.48	5.59	5.69
7210	1.93e-015	5.48	5.59	5.69
7220	1.93e-015	5.48	5.59	5.69
7230	1.92e-015	5.48	5.58	5.69
7230	1.91e-015	5.48	5.58	5.68
7240	1.9e-015	5.48	5.58	5.68
7250	1.89e-015	5.47	5.58	5.68
7260	1.88e-015	5.47	5.58	5.68
7270	1.87e-015	5.47	5.58	5.68
7280	1.87e-015	5.47	5.57	5.67
7290	1.86e-015	5.47	5.57	5.67
7300	1.85e-015	5.47	5.57	5.67
7310	1.84e-015	5.46	5.57	5.67
7320	1.83e-015	5.46	5.57	5.67
7320	1.82e-015	5.46	5.57	5.67
7330	1.82e-015	5.46	5.57	5.66
7340	1.81e-015	5.46	5.56	5.66
7350	1.8e-015	5.46	5.56	5.66
7360	1.79e-015	5.45	5.56	5.66
7370	1.78e-015	5.45	5.56	5.66
7380	1.78e-015	5.45	5.56	5.66
7390	1.77e-015	5.45	5.56	5.65
7400	1.76e-015	5.45	5.55	5.65
7410	1.75e-015	5.45	5.55	5.65
7410	1.74e-015	5.44	5.55	5.65
7420	1.74e-015	5.44	5.55	5.65
7430	1.73e-015	5.44	5.55	5.65
7440	1.72e-015	5.44	5.55	5.64
7450	1.71e-015	5.44	5.55	5.64
7460	1.7e-015	5.44	5.54	5.64
7470	1.7e-015	5.43	5.54	5.64
7480	1.69e-015	5.43	5.54	5.64
7490	1.68e-015	5.43	5.54	5.64
7500	1.67e-015	5.43	5.54	5.63
7500	1.67e-015	5.43	5.54	5.63
7510	1.66e-015	5.43	5.54	5.63
7520	1.65e-015	5.43	5.53	5.63
7530	1.64e-015	5.42	5.53	5.63
7540	1.64e-015	5.42	5.53	5.63
7550	1.63e-015	5.42	5.53	5.62
7560	1.62e-015	5.42	5.53	5.62
7570	1.62e-015	5.42	5.53	5.62
7580	1.61e-015	5.42	5.53	5.62
7590	1.6e-015	5.42	5.52	5.62
7590	1.59e-015	5.41	5.52	5.62
7600	1.59e-015	5.41	5.52	5.61
7610	1.58e-015	5.41	5.52	5.61
7620	1.57e-015	5.41	5.52	5.61
7630	1.56e-015	5.41	5.52	5.61
7640	1.56e-015	5.41	5.52	5.61
7650	1.55e-015	5.41	5.51	5.61
7660	1.54e-015	5.4	5.51	5.61
7670	1.54e-015	5.4	5.51	5.6
7680	1.53e-015	5.4	5.51	5.6
7680	1.52e-015	5.4	5.51	5.6
7690	1.52e-015	5.4	5.51	5.6
7700	1.51e-015	5.4	5.51	5.6
7710	1.5e-015	5.4	5.5	5.6
7720	1.5e-015	5.39	5.5	5.6
7730	1.49e-015	5.39	5.5	5.59
7740	1.48e-015	5.39	5.5	5.59
7750	1.48e-015	5.39	5.5	5.59
7760	1.47e-015	5.39	5.5	5.59
7770	1.46e-015	5.39	5.5	5.59
7770	1.46e-015	5.39	5.5	5.59
7780	1.45e-015	5.39	5.49	5.58
7790	1.44e-015	5.38	5.49	5.58
7800	1.44e-015	5.38	5.49	5.58
7810	1.43e-015	5.38	5.49	5.58
7820	1.42e-015	5.38	5.49	5.58
7830	1.42e-015	5.38	5.49	5.58
7840	1.41e-015	5.38	5.49	5.58
7850	1.4e-015	5.38	5.49	5.57
7860	1.4e-015	5.38	5.48	5.57
7860	1.39e-015	5.37	5.48	5.57
7870	1.39e-015	5.37	5.48	5.57
7880	1.38e-015	5.37	5.48	5.57
7890	1.37e-015	5.37	5.48	5.57
7900	1.37e-015	5.37	5.48	5.57
7910	1.36e-015	5.37	5.48	5.57
7920	1.35e-015	5.37	5.48	5.56
7930	1.35e-015	5.37	5.47	5.56
7940	1.34e-015	5.36	5.47	5.56
7950	1.34e-015	5.36	5.47	5.56
7950	1.33e-015	5.36	5.47	5.56
7960	1.32e-015	5.36	5.47	5.56
7970	1.32e-015	5.36	5.47	5.56
7980	1.31e-015	5.36	5.47	5.55
7990	1.31e-015	5.36	5.47	5.55
8000	1.3e-015	5.36	5.46	5.55
8010	1.3e-015	5.36	5.46	5.55
8020	1.29e-015	5.35	5.46	5.55
8030	1.28e-015	5.35	5.46	5.55
8040	1.28e-015	5.35	5.46	5.55
8050	1.27e-015	5.35	5.46	5.54
8050	1.27e-015	5.35	5.46	5.54
8060	1.26e-015	5.35	5.46	5.54
8070	1.25e-015	5.35	5.46	5.54
8080	1.25e-015	5.35	5.45	5.54
8090	1.24e-015	5.35	5.45	5.54
8100	1.24e-015	5.34	5.45	5.54
8110	1.23e-015	5.34	5.45	5.54
8120	1.23e-015	5.34	5.45	5.53
8130	1.22e-015	5.34	5.45	5.53
8140	1.22e-015	5.34	5.45	5.53
8140	1.21e-015	5.34	5.45	5.53
8150	1.21e-015	5.34	5.45	5.53
8160	1.2e-015	5.34	5.44	5.53
8170	1.19e-015	5.34	5.44	5.53
8180	1.19e-015	5.33	5.44	5.53
8190	1.18e-015	5.33	5.44	5.52
8200	1.18e-015	5.33	5.44	5.52
8210	1.17e-015	5.33	5.44	5.52
8220	1.17e-015	5.33	5.44	5.52
8230	1.16e-015	5.33	5.44	5.52
8230	1.16e-015	5.33	5.44	5.52
8240	1.15e-015	5.33	5.43	5.52
8250	1.15e-015	5.33	5.43	5.52
8260	1.14e-015	5.33	5.43	5.51
8270	1.14e-015	5.32	5.43	5.51
8280	1.13e-015	5.32	5.43	5.51
8290	1.13e-015	5.32	5.43	5.51
8300	1.12e-015	5.32	5.43	5.51
8310	1.12e-015	5.32	5.43	5.51
8320	1.11e-015	5.32	5.43	5.51
8320	1.11e-015	5.32	5.43	5.51
8330	1.1e-015	5.32	5.42	5.5
8340	1.1e-015	5.32	5.42	5.5
8350	1.09e-015	5.32	5.42	5.5
8360	1.09e-015	5.32	5.42	5.5
8370	1.08e-015	5.31	5.42	5.5
8380	1.08e-015	5.31	5.42	5.5
8390	1.07e-015	5.31	5.42	5.5
8400	1.07e-015	5.31	5.42	5.5
8410	1.06e-015	5.31	5.42	5.5
8410	1.06e-015	5.31	5.41	5.49
8420	1.05e-015	5.31	5.41	5.49
8430	1.05e-015	5.31	5.41	5.49
8440	1.04e-015	5.31	5.41	5.49
8450	1.04e-015	5.31	5.41	5.49
8460	1.03e-015	5.3	5.41	5.49
8470	1.03e-015	5.3	5.41	5.49
8480	1.02e-015	5.3	5.41	5.49
8490	1.02e-015	5.3	5.41	5.49
8500	1.02e-015	5.3	5.41	5.48
8500	1.01e-015	5.3	5.4	5.48
8510	1.01e-015	5.3	5.4	5.48
8520	1e-015	5.3	5.4	5.48
8530	9.97e-016	5.3	5.4	5.48
8540	9.93e-016	5.3	5.4	5.48
8550	9.88e-016	5.3	5.4	5.48
8560	9.84e-016	5.3	5.4	5.48
8570	9.8e-016	5.29	5.4	5.47
8580	9.75e-016	5.29	5.4	5.47
8590	9.71e-016	5.29	5.4	5.47
8590	9.66e-016	5.29	5.4	5.47
8600	9.62e-016	5.29	5.39	5.47
8610	9.58e-016	5.29	5.39	5.47
8620	9.53e-016	5.29	5.39	5.47
8630	9.49e-016	5.29	5.39	5.47
8640	9.45e-016	5.29	5.39	5.47
8650	9.41e-016	5.29	5.39	5.47
8660	9.36e-016	5.29	5.39	5.46
8670	9.32e-016	5.29	5.39	5.46
8680	9.28e-016	5.28	5.39	5.46
8680	9.24e-016	5.28	5.39	5.46
8690	9.2e-016	5.28	5.38	5.46
8700	9.16e-016	5.28	5.38	5.46
8710	9.11e-016	5.28	5.38	5.46
8720	9.07e-016	5.28	5.38	5.46
8730	9.03e-016	5.28	5.38	5.46
8740	8.99e-016	5.28	5.38	5.45
8750	8.95e-016	5.28	5.38	5.45
8760	8.91e-016	5.28	5.38	5.45
8770	8.87e-016	5.28	5.38	5.45
8770	8.83e-016	5.28	5.38	5.45
8780	8.79e-016	5.27	5.38	5.45
8790	8.75e-016	5.27	5.38	5.45
8800	8.71e-016	5.27	5.37	5.45
8810	8.67e-016	5.27	5.37	5.45
8820	8.64e-016	5.27	5.37	5.45
8830	8.6e-016	5.27	5.37	5.44
8840	8.56e-016	5.27	5.37	5.44
8850	8.52e-016	5.27	5.37	5.44
8860	8.48e-016	5.27	5.37	5.44
8860	8.44e-016	5.27	5.37	5.44
8870	8.4e-016	5.27	5.37	5.44
8880	8.37e-016	5.27	5.37	5.44
8890	8.33e-016	5.27	5.37	5.44
8900	8.29e-016	5.27	5.36	5.44
8910	8.25e-016	5.26	5.36	5.44
8920	8.22e-016	5.26	5.36	5.43
8930	8.18e-016	5.26	5.36	5.43
8940	8.14e-016	5.26	5.36	5.43
8950	8.11e-016	5.26	5.36	5.43
8950	8.07e-016	5.26	5.36	5.43
8960	8.03e-016	5.26	5.36	5.43
8970	8e-016	5.26	5.36	5.43
8980	7.96e-016	5.26	5.36	5.43
8990	7.93e-016	5.26	5.36	5.43
9000	7.89e-016	5.26	5.36	5.43