"Time [s]"	[A]	[A*]	[B]	[B*]	[A]1	[A*]1	[B]1	[B*]1
0	0	0	12.5	0				
6	0.0209	0.000649	12.5	7.3e-033				
12	0.0406	0.00215	12.5	1.48e-032				
18	0.0594	0.00446	12.5	2.27e-032				
24	0.0757	0.00751	12.5	3.05e-032				
30	0.1	0.0117	12.5	4.32e-032				
36	0.113	0.0167	12.5	5.2e-032				
42	0.135	0.0225	12.5	6.82e-032				
48	0.145	0.0291	12.5	7.97e-032				
54	0.155	0.0362	12.5	9.31e-032				
60.1	0.164	0.0438	12.5	1.09e-031				
66.1	0.183	0.0519	12.5	1.42e-031				
72.1	0.197	0.0608	12.5	1.75e-031				
78.1	0.207	0.07	12.5	2.12e-031				
84.1	0.215	0.0796	12.5	2.57e-031				
90.1	0.221	0.0894	12.5	3.09e-031				
96.1	0.227	0.0995	12.5	3.76e-031				
102	0.232	0.11	12.5	4.6e-031				
108	0.237	0.121	12.5	5.67e-031				
114	0.242	0.131	12.5	7.04e-031				
120	0.246	0.142	12.5	8.81e-031				
126	0.253	0.154	12.5	1.15e-030				
132	0.266	0.165	12.5	1.65e-030				
138	0.278	0.177	12.5	2.3e-030				
144	0.283	0.189	12.5	3.01e-030				
150	0.286	0.202	12.5	3.86e-030				
156	0.299	0.215	12.5	5.68e-030				
162	0.301	0.228	12.5	7.23e-030				
168	0.303	0.241	12.5	9.34e-030				
174	0.304	0.254	12.5	1.22e-029				
180	0.306	0.267	12.5	1.61e-029				
186	0.309	0.28	12.5	2.22e-029				
192	0.314	0.294	12.5	3.15e-029				
198	0.321	0.307	12.5	4.68e-029				
204	0.333	0.321	12.5	7.25e-029				
210	0.345	0.335	12.5	1.09e-028				
216	0.356	0.35	12.5	1.62e-028				
222	0.367	0.365	12.5	2.38e-028				
228	0.376	0.381	12.5	3.51e-028				
234	0.386	0.397	12.5	5.19e-028				
240	0.395	0.413	12.5	7.7e-028				
246	0.404	0.43	12.5	1.15e-027				
252	0.412	0.447	12.5	1.73e-027				
258	0.42	0.464	12.5	2.62e-027				
264	0.427	0.482	12.5	3.99e-027				
270	0.434	0.499	12.5	6.12e-027				
276	0.441	0.517	12.5	9.45e-027				
282	0.447	0.535	12.5	1.47e-026				
288	0.454	0.554	12.5	2.3e-026				
294	0.46	0.572	12.5	3.61e-026				
300	0.465	0.591	12.5	5.71e-026				
306	0.471	0.61	12.5	9.06e-026				
312	0.476	0.629	12.5	1.45e-025				
318	0.481	0.648	12.5	2.31e-025				
324	0.486	0.667	12.5	3.72e-025				
330	0.491	0.687	12.5	6e-025				
336	0.484	0.706	12.5	8.38e-025				
342	0.478	0.725	12.5	1.21e-024				
348	0.484	0.744	12.5	2.15e-024				
354	0.478	0.762	12.5	3.04e-024				
360	0.472	0.78	12.5	4.39e-024				
366	0.478	0.799	12.5	8.16e-024				
372	0.477	0.817	12.5	1.25e-023				
378	0.479	0.835	12.5	2.06e-023				
384	0.485	0.853	12.5	3.5e-023				
390	0.48	0.871	12.5	5.04e-023				
396	0.486	0.889	12.5	8.61e-023				
402	0.481	0.906	12.5	1.21e-022				
408	0.476	0.924	12.5	1.74e-022				
414	0.472	0.941	12.5	2.54e-022				
420	0.467	0.958	12.5	3.71e-022				
426	0.464	0.975	12.5	5.6e-022				
432	0.464	0.991	12.5	8.88e-022				
438	0.464	1.01	12.5	1.4e-021				
444	0.464	1.02	12.5	2.21e-021				
450	0.461	1.04	12.5	3.29e-021				
456	0.47	1.06	12.5	5.67e-021				
462	0.478	1.07	12.5	9.24e-021				
468	0.485	1.09	12.5	1.46e-020				
474	0.481	1.11	12.5	1.95e-020				
480	0.477	1.12	12.5	2.66e-020				
486	0.475	1.14	12.5	3.77e-020				
492	0.474	1.15	12.5	5.68e-020				
498	0.475	1.17	12.5	8.67e-020				
504	0.475	1.19	12.5	1.33e-019				
511	0.473	1.2	12.5	1.95e-019				
517	0.482	1.22	12.5	3.29e-019				
523	0.479	1.23	12.5	4.53e-019				
529	0.487	1.25	12.5	7.46e-019				
535	0.495	1.26	12.5	1.18e-018				
541	0.503	1.28	12.5	1.84e-018				
547	0.51	1.3	12.5	2.82e-018				
553	0.517	1.31	12.5	4.33e-018				
559	0.524	1.33	12.5	6.62e-018				
565	0.53	1.35	12.5	1.01e-017				
571	0.537	1.37	12.5	1.56e-017				
577	0.542	1.38	12.5	2.41e-017				
583	0.548	1.4	12.5	3.73e-017				
589	0.542	1.42	12.5	4.99e-017				
595	0.548	1.44	12.5	8.19e-017				
601	0.554	1.45	12.5	1.32e-016				
607	0.559	1.47	12.5	2.09e-016				
613	0.564	1.49	12.5	3.31e-016				
619	0.569	1.51	12.5	5.24e-016				
625	0.574	1.53	12.5	8.27e-016				
631	0.579	1.55	12.5	1.31e-015				
637	0.583	1.56	12.5	2.08e-015				
643	0.587	1.58	12.5	3.31e-015				
649	0.58	1.6	12.5	4.5e-015				
655	0.574	1.62	12.5	6.33e-015				
661	0.579	1.64	12.5	1.11e-014				
667	0.572	1.66	12.5	1.53e-014				
673	0.57	1.67	12.5	2.32e-014				
679	0.567	1.69	12.5	3.61e-014				
685	0.565	1.71	12.5	5.67e-014				
691	0.562	1.72	12.5	8.68e-014				
697	0.557	1.74	12.5	1.28e-013				
703	0.553	1.76	12.5	1.89e-013				
709	0.549	1.77	12.5	2.77e-013				
715	0.545	1.79	12.5	4.03e-013				
721	0.553	1.8	12.5	7.15e-013				
727	0.549	1.82	12.5	9.74e-013				
733	0.548	1.83	12.5	1.43e-012				
739	0.548	1.85	12.5	2.14e-012				
745	0.548	1.86	12.5	3.22e-012				
751	0.547	1.88	12.5	4.74e-012				
757	0.544	1.89	12.5	6.74e-012				
763	0.541	1.91	12.5	9.55e-012				
769	0.539	1.92	12.5	1.35e-011				
775	0.548	1.94	12.5	2.26e-011				
781	0.556	1.95	12.5	3.58e-011				
787	0.553	1.97	12.5	4.67e-011				
793	0.561	1.98	12.5	7.46e-011				
799	0.564	2	12.5	1.06e-010				
805	0.564	2.01	12.5	1.5e-010				
811	0.563	2.03	12.5	2.12e-010				
817	0.56	2.04	12.5	2.93e-010				
823	0.557	2.06	12.5	4.06e-010				
829	0.566	2.07	12.5	6.62e-010				
835	0.574	2.09	12.5	1.03e-009				
841	0.571	2.1	12.5	1.35e-009				
847	0.567	2.12	12.5	1.79e-009				
853	0.567	2.13	12.5	2.53e-009				
859	0.573	2.14	12.5	4.04e-009				
865	0.581	2.16	12.5	6.38e-009				
871	0.589	2.17	12.5	9.79e-009				
877	0.597	2.19	12.5	1.48e-008				
883	0.593	2.21	12.5	1.94e-008				
889	0.589	2.22	12.5	2.61e-008				
895	0.597	2.24	12.5	4.16e-008				
901	0.604	2.25	12.5	6.44e-008				
907	0.611	2.27	12.5	9.8e-008				
913	0.618	2.28	12.5	1.48e-007				
919	0.624	2.3	12.5	2.22e-007				
925	0.628	2.31	12.5	3.2e-007				
931	0.625	2.33	12.5	4.45e-007				
937	0.621	2.35	12.5	6.07e-007				
943	0.616	2.36	12.5	8.41e-007				
949	0.612	2.38	12.5	0.00000118				
955	0.619	2.39	12.5	0.00000196				
961	0.626	2.41	12.5	0.00000312				
967	0.633	2.42	12.5	0.00000482				
973	0.639	2.44	12.5	0.00000736				
979	0.646	2.46	12.5	0.0000112				
985	0.651	2.47	12.5	0.0000168				
991	0.657	2.49	12.5	0.0000254				
997	0.651	2.51	12.5	0.0000339				
1000	0.657	2.52	12.5	0.0000534				
1010	0.663	2.54	12.5	0.0000828				
1020	0.668	2.55	12.5	0.000127				
1020	0.662	2.57	12.5	0.000167				
1030	0.667	2.59	12.5	0.000269				
1030	0.663	2.6	12.5	0.000364				
1040	0.66	2.62	12.5	0.000524				
1050	0.658	2.64	12.5	0.000775				
1050	0.656	2.65	12.5	0.00116				
1060	0.652	2.67	12.5	0.00166				
1060	0.647	2.68	12.5	0.00237				
1070	0.643	2.7	12.5	0.00337				
1080	0.639	2.71	12.5	0.00477				
1080	0.647	2.73	12.5	0.00809				
1090	0.643	2.74	12.5	0.0109				
1090	0.64	2.76	12.5	0.015				
1100	0.64	2.77	12.5	0.0219				
1110	0.64	2.78	12.5	0.032				
1110	0.64	2.8	12.5	0.0469				
1120	0.638	2.81	12.4	0.0656				
1120	0.635	2.82	12.4	0.0907				
1130	0.632	2.84	12.4	0.125				
1140	0.63	2.85	12.3	0.172				
1140	0.628	2.86	12.3	0.235				
1150	0.625	2.88	12.2	0.319				
1150	0.624	2.89	12.1	0.439				
1160	0.626	2.9	11.9	0.626				
1170	0.627	2.92	11.6	0.887				
1170	0.629	2.93	11.3	1.25				
1180	0.628	2.94	10.8	1.67				
1180	0.627	2.95	10.3	2.18				
1190	0.625	2.97	9.71	2.81				
1200	0.612	2.98	8.97	3.56				
1200	0.593	2.99	8.14	4.4				
1210	0.576	3	7.97	4.58				
1210	0.56	3.01	7.77	4.79				
1220	0.545	3.02	7.39	5.18				
1230	0.531	3.02	7.41	5.17				
1230	0.518	3.03	7.43	5.17				
1240	0.505	3.04	7.45	5.16				
1240	0.493	3.04	7.47	5.15				
1250	0.482	3.05	7.49	5.15				
1260	0.472	3.05	7.51	5.14				
1260	0.462	3.06	7.52	5.13				
1270	0.453	3.06	7.54	5.13				
1270	0.445	3.06	7.56	5.12				
1280	0.437	3.07	7.58	5.12				
1290	0.429	3.07	7.6	5.11				
1290	0.422	3.07	7.61	5.1				
1300	0.415	3.07	7.63	5.1				
1300	0.409	3.07	7.65	5.09				
1310	0.403	3.07	7.67	5.08				
1320	0.397	3.08	7.69	5.08				
1320	0.392	3.08	7.7	5.07				
1330	0.387	3.08	7.72	5.07				
1330	0.383	3.08	7.74	5.06				
1340	0.378	3.08	7.76	5.05				
1350	0.374	3.08	7.77	5.05				
1350	0.37	3.07	7.79	5.04				
1360	0.367	3.07	7.31	5.53				
1360	0.363	3.07	6.87	5.99				
1370	0.36	3.07	6.45	6.42				
1380	0.357	3.07	6.48	6.41				
1380	0.354	3.07	6.5	6.4				
1390	0.351	3.07	6.53	6.38				
1390	0.349	3.07	6.54	6.39				
1400	0.346	3.06	6.17	6.78				
1410	0.344	3.06	5.81	7.15				
1410	0.342	3.06	5.47	7.5				
1420	0.34	3.06	5.16	7.83				
1420	0.338	3.06	5.2	7.82				
1430	0.336	3.05	5.23	7.8				
1440	0.334	3.05	5.26	7.78				
1440	0.332	3.05	5.3	7.77				
1450	0.331	3.05	5.33	7.75				
1450	0.329	3.05	5.37	7.73				
1460	0.328	3.04	5.4	7.71				
1470	0.326	3.04	5.43	7.7				
1470	0.325	3.04	5.47	7.68				
1480	0.324	3.03	5.5	7.67				
1480	0.323	3.03	5.53	7.65				
1490	0.321	3.03	5.57	7.63				
1500	0.32	3.03	5.6	7.62				
1500	0.319	3.02	5.63	7.6				
1510	0.318	3.02	5.67	7.58				
1510	0.317	3.02	5.7	7.57				
1520	0.316	3.02	5.73	7.55				
1530	0.316	3.01	5.76	7.54				
1530	0.315	3.01	5.79	7.52				
1540	0.314	3.01	5.83	7.51				
1540	0.313	3	5.86	7.49				
1550	0.312	3	5.89	7.47				
1560	0.312	3	5.92	7.46				
1560	0.311	2.99	5.95	7.44				
1570	0.31	2.99	5.98	7.43				
1570	0.31	2.99	5.97	7.46				
1580	0.309	2.99	5.81	7.63				
1590	0.308	2.98	5.84	7.62				
1590	0.308	2.98	5.87	7.6				
1600	0.307	2.98	5.9	7.58				
1600	0.307	2.97	5.76	7.75				
1610	0.306	2.97	5.79	7.73				
1620	0.306	2.97	5.82	7.72				
1620	0.305	2.96	5.85	7.7				
1630	0.304	2.96	5.88	7.69				
1630	0.304	2.96	5.92	7.67				
1640	0.303	2.95	5.95	7.65				
1650	0.303	2.95	5.86	7.75				
1650	0.303	2.95	5.9	7.74				
1660	0.302	2.94	5.83	7.82				
1660	0.302	2.94	5.77	7.89				
1670	0.301	2.94	5.8	7.88				
1680	0.301	2.93	5.76	7.94				
1680	0.3	2.93	5.72	7.99				
1690	0.3	2.93	5.76	7.97				
1690	0.299	2.93	5.79	7.96				
1700	0.299	2.92	5.82	7.94				
1710	0.299	2.92	5.86	7.92				
1710	0.298	2.92	5.89	7.9				
1720	0.298	2.91	5.92	7.89				
1720	0.297	2.91	5.95	7.87				
1730	0.297	2.91	5.99	7.86				
1740	0.297	2.9	6.02	7.84				
1740	0.296	2.9	6.05	7.82				
1750	0.296	2.9	6.08	7.81				
1750	0.296	2.89	6.11	7.79				
1760	0.295	2.89	6.14	7.77				
1770	0.295	2.89	6.18	7.76				
1770	0.294	2.88	6.21	7.74				
1780	0.294	2.88	6.24	7.73				
1780	0.294	2.88	6.27	7.71				
1790	0.293	2.87	6.3	7.7				
1800	0.293	2.87	6.33	7.68				
1800	0.293	2.87	6.36	7.66				
1810	0.292	2.87	6.39	7.65				
1810	0.292	2.86	6.42	7.63				
1820	0.292	2.86	6.45	7.62				
1830	0.291	2.86	6.48	7.6				
1830	0.291	2.85	6.51	7.59				
1840	0.291	2.85	6.54	7.57				
1840	0.29	2.85	6.57	7.56				
1850	0.29	2.84	6.6	7.54				
1860	0.29	2.84	6.62	7.53				
1860	0.289	2.84	6.65	7.51				
1870	0.289	2.83	6.68	7.5				
1870	0.289	2.83	6.71	7.49				
1880	0.288	2.83	6.74	7.47				
1890	0.288	2.82	6.77	7.46				
1890	0.288	2.82	6.79	7.44				
1900	0.287	2.82	6.82	7.43				
1900	0.287	2.81	6.85	7.41				
1910	0.287	2.81	6.88	7.4				
1920	0.286	2.81	6.9	7.39				
1920	0.286	2.81	6.93	7.37				
1930	0.286	2.8	6.96	7.36				
1930	0.285	2.8	6.99	7.35				
1940	0.285	2.8	7.01	7.33				
1950	0.285	2.79	7.04	7.32				
1950	0.284	2.79	7.07	7.3				
1960	0.284	2.79	7.09	7.29				
1960	0.284	2.78	7.12	7.28				
1970	0.283	2.78	7.14	7.26				
1980	0.283	2.78	7.17	7.25				
1980	0.283	2.77	7.2	7.24				
1990	0.282	2.77	7.22	7.23				
1990	0.282	2.77	7.25	7.21				
2000	0.282	2.77	7.27	7.2				
2010	0.281	2.76	7.3	7.19				
2010	0.281	2.76	7.32	7.17				
2020	0.281	2.76	7.35	7.16				
2020	0.281	2.75	7.37	7.15				
2030	0.28	2.75	7.4	7.14				
2040	0.28	2.75	7.42	7.12				
2040	0.28	2.74	7.45	7.11				
2050	0.279	2.74	7.47	7.1				
2050	0.279	2.74	7.5	7.09				
2060	0.279	2.73	7.52	7.07				
2070	0.278	2.73	7.55	7.06				
2070	0.278	2.73	7.57	7.05				
2080	0.278	2.73	7.59	7.04				
2080	0.277	2.72	7.62	7.03				
2090	0.277	2.72	7.64	7.01				
2100	0.277	2.72	7.66	7				
2100	0.276	2.71	7.69	6.99				
2110	0.276	2.71	7.71	6.98				
2110	0.276	2.71	7.73	6.97				
2120	0.276	2.7	7.76	6.96				
2130	0.275	2.7	7.78	6.94				
2130	0.275	2.7	7.8	6.93				
2140	0.275	2.7	7.83	6.92				
2140	0.274	2.69	7.85	6.91				
2150	0.274	2.69	7.87	6.9				
2160	0.274	2.69	7.89	6.89				
2160	0.273	2.68	7.92	6.88				
2170	0.273	2.68	7.94	6.86				
2170	0.273	2.68	7.96	6.85				
2180	0.273	2.67	7.98	6.84				
2190	0.272	2.67	8	6.83				
2190	0.272	2.67	8.02	6.82				
2200	0.272	2.67	8.05	6.81				
2200	0.271	2.66	8.07	6.8				
2210	0.271	2.66	8.09	6.79				
2220	0.271	2.66	8.11	6.78				
2220	0.27	2.65	8.13	6.77				
2230	0.27	2.65	8.15	6.76				
2230	0.27	2.65	8.17	6.75				
2240	0.27	2.65	8.19	6.74				
2250	0.269	2.64	8.21	6.73				
2250	0.269	2.64	8.24	6.72				
2260	0.269	2.64	8.26	6.7				
2260	0.268	2.63	8.28	6.69				
2270	0.268	2.63	8.3	6.68				
2280	0.268	2.63	8.32	6.67				
2280	0.267	2.62	8.34	6.66				
2290	0.267	2.62	8.36	6.65				
2290	0.267	2.62	8.38	6.64				
2300	0.267	2.62	8.4	6.63				
2310	0.266	2.61	8.42	6.62				
2310	0.266	2.61	8.44	6.62				
2320	0.266	2.61	8.45	6.61				
2320	0.265	2.6	8.47	6.6				
2330	0.265	2.6	8.49	6.59				
2340	0.265	2.6	8.51	6.58				
2340	0.264	2.6	8.53	6.57				
2350	0.264	2.59	8.55	6.56				
2350	0.264	2.59	8.57	6.55				
2360	0.264	2.59	8.59	6.54				
2370	0.263	2.58	8.61	6.53				
2370	0.263	2.58	8.63	6.52				
2380	0.263	2.58	8.64	6.51				
2380	0.262	2.58	8.66	6.5				
2390	0.262	2.57	8.68	6.49				
2400	0.262	2.57	8.7	6.48				
2400	0.262	2.57	8.72	6.47				
2410	0.261	2.56	8.73	6.47				
2410	0.261	2.56	8.75	6.46				
2420	0.261	2.56	8.77	6.45				
2430	0.26	2.56	8.79	6.44				
2430	0.26	2.55	8.81	6.43				
2440	0.26	2.55	8.82	6.42				
2440	0.26	2.55	8.84	6.41				
2450	0.259	2.54	8.86	6.4				
2460	0.259	2.54	8.88	6.4				
2460	0.259	2.54	8.89	6.39				
2470	0.258	2.54	8.91	6.38				
2470	0.258	2.53	8.93	6.37				
2480	0.258	2.53	8.94	6.36				
2490	0.258	2.53	8.96	6.35				
2490	0.257	2.52	8.98	6.35				
2500	0.257	2.52	8.99	6.34				
2500	0.257	2.52	9.01	6.33				
2510	0.256	2.52	9.03	6.32				
2520	0.256	2.51	9.04	6.31				
2520	0.256	2.51	9.06	6.3				
2530	0.256	2.51	9.08	6.3				
2530	0.255	2.51	9.09	6.29				
2540	0.255	2.5	9.11	6.28				
2550	0.255	2.5	9.12	6.27				
2550	0.254	2.5	9.14	6.27				
2560	0.254	2.49	9.16	6.26				
2560	0.254	2.49	9.17	6.25				
2570	0.254	2.49	9.19	6.24				
2580	0.253	2.49	9.2	6.23				
2580	0.253	2.48	9.22	6.23				
2590	0.253	2.48	9.23	6.22				
2590	0.252	2.48	9.25	6.21				
2600	0.252	2.47	9.27	6.2				
2610	0.252	2.47	9.28	6.2				
2610	0.252	2.47	9.3	6.19				
2620	0.251	2.47	9.31	6.18				
2620	0.251	2.46	9.33	6.17				
2630	0.251	2.46	9.34	6.17				
2640	0.25	2.46	9.36	6.16				
2640	0.25	2.46	9.37	6.15				
2650	0.25	2.45	9.39	6.15				
2650	0.25	2.45	9.4	6.14				
2660	0.249	2.45	9.41	6.13				
2670	0.249	2.44	9.43	6.12				
2670	0.249	2.44	9.44	6.12				
2680	0.249	2.44	9.46	6.11				
2680	0.248	2.44	9.47	6.1				
2690	0.248	2.43	9.49	6.1				
2700	0.248	2.43	9.5	6.09				
2700	0.247	2.43	9.51	6.08				
2710	0.247	2.43	9.53	6.08				
2710	0.247	2.42	9.54	6.07				
2720	0.247	2.42	9.56	6.06				
2730	0.246	2.42	9.57	6.06				
2730	0.246	2.41	9.58	6.05				
2740	0.246	2.41	9.6	6.04				
2740	0.245	2.41	9.61	6.04				
2750	0.245	2.41	9.62	6.03				
2760	0.245	2.4	9.64	6.02				
2760	0.245	2.4	9.65	6.02				
2770	0.244	2.4	9.66	6.01				
2770	0.244	2.4	9.68	6				
2780	0.244	2.39	9.69	6				
2790	0.244	2.39	9.7	5.99				
2790	0.243	2.39	9.72	5.98				
2800	0.243	2.39	9.73	5.98				
2800	0.243	2.38	9.74	5.97				
2810	0.243	2.38	9.76	5.96				
2820	0.242	2.38	9.77	5.96				
2820	0.242	2.37	9.78	5.95				
2830	0.242	2.37	9.79	5.95				
2830	0.241	2.37	9.81	5.94				
2840	0.241	2.37	9.82	5.93				
2850	0.241	2.36	9.83	5.93				
2850	0.241	2.36	9.84	5.92				
2860	0.24	2.36	9.86	5.92				
2860	0.24	2.36	9.87	5.91				
2870	0.24	2.35	9.88	5.9				
2880	0.24	2.35	9.89	5.9				
2880	0.239	2.35	9.9	5.89				
2890	0.239	2.35	9.92	5.89				
2890	0.239	2.34	9.93	5.88				
2900	0.239	2.34	9.94	5.88				
2910	0.238	2.34	9.95	5.87				
2910	0.238	2.34	9.96	5.86				
2920	0.238	2.33	9.98	5.86				
2920	0.237	2.33	9.99	5.85				
2930	0.237	2.33	10	5.85				
2940	0.237	2.33	10	5.84				
2940	0.237	2.32	10	5.84				
2950	0.236	2.32	10	5.83				
2950	0.236	2.32	10	5.83				
2960	0.236	2.32	10.1	5.82				
2970	0.236	2.31	10.1	5.81				
2970	0.235	2.31	10.1	5.81				
2980	0.235	2.31	10.1	5.8				
2980	0.235	2.3	10.1	5.8				
2990	0.235	2.3	10.1	5.79				
3000	0.234	2.3	10.1	5.79				
3000	0.234	2.3	10.1	5.78				
3010	0.234	2.29	10.1	5.78				
3020	0.234	2.29	10.2	5.77				
3020	0.233	2.29	10.2	5.77				
3030	0.233	2.29	10.2	5.76				
3030	0.233	2.28	10.2	5.76				
3040	0.232	2.28	10.2	5.75				
3050	0.232	2.28	10.2	5.75				
3050	0.232	2.28	10.2	5.74				
3060	0.232	2.27	10.2	5.74				
3060	0.231	2.27	10.2	5.73				
3070	0.231	2.27	10.2	5.73				
3080	0.231	2.27	10.3	5.72				
3080	0.231	2.26	10.3	5.72				
3090	0.23	2.26	10.3	5.71				
3090	0.23	2.26	10.3	5.71				
3100	0.23	2.26	10.3	5.7				
3110	0.23	2.25	10.3	5.7				
3110	0.229	2.25	10.3	5.69				
3120	0.229	2.25	10.3	5.69				
3120	0.229	2.25	10.3	5.68				
3130	0.229	2.24	10.3	5.68				
3140	0.228	2.24	10.4	5.68				
3140	0.228	2.24	10.4	5.67				
3150	0.228	2.24	10.4	5.67				
3150	0.228	2.23	10.4	5.66				
3160	0.227	2.23	10.4	5.66				
3170	0.227	2.23	10.4	5.65				
3170	0.227	2.23	10.4	5.65				
3180	0.227	2.22	10.4	5.64				
3180	0.226	2.22	10.4	5.64				
3190	0.226	2.22	10.4	5.64				
3200	0.226	2.22	10.5	5.63				
3200	0.226	2.21	10.5	5.63				
3210	0.225	2.21	10.5	5.62				
3210	0.225	2.21	10.5	5.62				
3220	0.225	2.21	10.5	5.61				
3230	0.225	2.2	10.5	5.61				
3230	0.224	2.2	10.5	5.61				
3240	0.224	2.2	10.5	5.6				
3240	0.224	2.2	10.5	5.6				
3250	0.224	2.19	10.5	5.59				
3260	0.223	2.19	10.5	5.59				
3260	0.223	2.19	10.6	5.58				
3270	0.223	2.19	10.6	5.58				
3270	0.223	2.19	10.6	5.58				
3280	0.222	2.18	10.6	5.57				
3290	0.222	2.18	10.6	5.57				
3290	0.222	2.18	10.6	5.56				
3300	0.222	2.18	10.6	5.56				
3300	0.221	2.17	10.6	5.56				
3310	0.221	2.17	10.6	5.55				
3320	0.221	2.17	10.6	5.55				
3320	0.221	2.17	10.6	5.54				
3330	0.22	2.16	10.6	5.54				
3330	0.22	2.16	10.7	5.54				
3340	0.22	2.16	10.7	5.53				
3350	0.22	2.16	10.7	5.53				
3350	0.219	2.15	10.7	5.53				
3360	0.219	2.15	10.7	5.52				
3360	0.219	2.15	10.7	5.52				
3370	0.219	2.15	10.7	5.51				
3380	0.218	2.14	10.7	5.51				
3380	0.218	2.14	10.7	5.51				
3390	0.218	2.14	10.7	5.5				
3390	0.218	2.14	10.7	5.5				
3400	0.218	2.13	10.7	5.5				
3410	0.217	2.13	10.8	5.49				
3410	0.217	2.13	10.8	5.49				
3420	0.217	2.13	10.8	5.49				
3420	0.217	2.13	10.8	5.48				
3430	0.216	2.12	10.8	5.48				
3440	0.216	2.12	10.8	5.47				
3440	0.216	2.12	10.8	5.47				
3450	0.216	2.12	10.8	5.47				
3450	0.215	2.11	10.8	5.46				
3460	0.215	2.11	10.8	5.46				
3470	0.215	2.11	10.8	5.46				
3470	0.215	2.11	10.8	5.45				
3480	0.214	2.1	10.8	5.45				
3480	0.214	2.1	10.9	5.45				
3490	0.214	2.1	10.9	5.44				
3500	0.214	2.1	10.9	5.44				
3500	0.213	2.09	10.9	5.44				
3510	0.213	2.09	10.9	5.43				
3510	0.213	2.09	10.9	5.43				
3520	0.213	2.09	10.9	5.43				
3530	0.212	2.09	10.9	5.42				
3530	0.212	2.08	10.9	5.42				
3540	0.212	2.08	10.9	5.42				
3540	0.212	2.08	10.9	5.42				
3550	0.212	2.08	10.9	5.41				
3560	0.211	2.07	10.9	5.41				
3560	0.211	2.07	10.9	5.41				
3570	0.211	2.07	10.9	5.4				
3570	0.211	2.07	11	5.4				
3580	0.21	2.06	11	5.4				
3590	0.21	2.06	11	5.39				
3590	0.21	2.06	11	5.39				
3600	0.21	2.06	11	5.39				
3600	0.209	2.06	11	5.38				
3610	0.209	2.05	11	5.38				
3620	0.209	2.05	11	5.38				
3620	0.209	2.05	11	5.38				
3630	0.209	2.05	11	5.37				
3630	0.208	2.04	11	5.37				
3640	0.208	2.04	11	5.37				
3650	0.208	2.04	11	5.36				
3650	0.208	2.04	11	5.36				
3660	0.207	2.04	11	5.36				
3660	0.207	2.03	11.1	5.36				
3670	0.207	2.03	11.1	5.35				
3680	0.207	2.03	11.1	5.35				
3680	0.206	2.03	11.1	5.35				
3690	0.206	2.02	11.1	5.34				
3690	0.206	2.02	11.1	5.34				
3700	0.206	2.02	11.1	5.34				
3710	0.206	2.02	11.1	5.34				
3710	0.205	2.01	11.1	5.33				
3720	0.205	2.01	11.1	5.33				
3720	0.205	2.01	11.1	5.33				
3730	0.205	2.01	11.1	5.33				
3740	0.204	2.01	11.1	5.32				
3740	0.204	2	11.1	5.32				
3750	0.204	2	11.1	5.32				
3750	0.204	2	11.1	5.32				
3760	0.203	2	11.1	5.31				
3770	0.203	1.99	11.2	5.31				
3770	0.203	1.99	11.2	5.31				
3780	0.203	1.99	11.2	5.31				
3780	0.203	1.99	11.2	5.3				
3790	0.202	1.99	11.2	5.3				
3800	0.202	1.98	11.2	5.3				
3800	0.202	1.98	11.2	5.3				
3810	0.202	1.98	11.2	5.29				
3810	0.201	1.98	11.2	5.29				
3820	0.201	1.98	11.2	5.29				
3830	0.201	1.97	11.2	5.29				
3830	0.201	1.97	11.2	5.28				
3840	0.201	1.97	11.2	5.28				
3840	0.2	1.97	11.2	5.28				
3850	0.2	1.96	11.2	5.28				
3860	0.2	1.96	11.2	5.27				
3860	0.2	1.96	11.2	5.27				
3870	0.199	1.96	11.2	5.27				
3870	0.199	1.96	11.3	5.27				
3880	0.199	1.95	11.3	5.26				
3890	0.199	1.95	11.3	5.26				
3890	0.199	1.95	11.3	5.26				
3900	0.198	1.95	11.3	5.26				
3900	0.198	1.94	11.3	5.26				
3910	0.198	1.94	11.3	5.25				
3920	0.198	1.94	11.3	5.25				
3920	0.197	1.94	11.3	5.25				
3930	0.197	1.94	11.3	5.25				
3930	0.197	1.93	11.3	5.24				
3940	0.197	1.93	11.3	5.24				
3950	0.197	1.93	11.3	5.24				
3950	0.196	1.93	11.3	5.24				
3960	0.196	1.93	11.3	5.24				
3960	0.196	1.92	11.3	5.23				
3970	0.196	1.92	11.3	5.23				
3980	0.196	1.92	11.3	5.23				
3980	0.195	1.92	11.3	5.23				
3990	0.195	1.91	11.4	5.23				
3990	0.195	1.91	11.4	5.22				
4000	0.195	1.91	11.4	5.22				
4010	0.194	1.91	11.4	5.22				
4010	0.194	1.91	11.4	5.22				
4020	0.194	1.9	11.4	5.22				
4020	0.194	1.9	11.4	5.21				
4030	0.194	1.9	11.4	5.21				
4040	0.193	1.9	11.4	5.21				
4040	0.193	1.9	11.4	5.21				
4050	0.193	1.89	11.4	5.21				
4050	0.193	1.89	11.4	5.2				
4060	0.192	1.89	11.4	5.2				
4070	0.192	1.89	11.4	5.2				
4070	0.192	1.89	11.4	5.2				
4080	0.192	1.88	11.4	5.2				
4080	0.192	1.88	11.4	5.19				
4090	0.191	1.88	11.4	5.19				
4100	0.191	1.88	11.4	5.19				
4100	0.191	1.87	11.4	5.19				
4110	0.191	1.87	11.4	5.19				
4110	0.191	1.87	11.4	5.18				
4120	0.19	1.87	11.5	5.18				
4130	0.19	1.87	11.5	5.18				
4130	0.19	1.86	11.5	5.18				
4140	0.19	1.86	11.5	5.18				
4140	0.19	1.86	11.5	5.18				
4150	0.189	1.86	11.5	5.17				
4160	0.189	1.86	11.5	5.17				
4160	0.189	1.85	11.5	5.17				
4170	0.189	1.85	11.5	5.17				
4170	0.188	1.85	11.5	5.17				
4180	0.188	1.85	11.5	5.17				
4190	0.188	1.85	11.5	5.16				
4190	0.188	1.84	11.5	5.16				
4200	0.188	1.84	11.5	5.16				
4200	0.187	1.84	11.5	5.16				
4210	0.187	1.84	11.5	5.16				
4220	0.187	1.84	11.5	5.16				
4220	0.187	1.83	11.5	5.15				
4230	0.187	1.83	11.5	5.15				
4230	0.186	1.83	11.5	5.15				
4240	0.186	1.83	11.5	5.15				
4250	0.186	1.83	11.5	5.15				
4250	0.186	1.82	11.5	5.15				
4260	0.186	1.82	11.5	5.14				
4260	0.185	1.82	11.5	5.14				
4270	0.185	1.82	11.6	5.14				
4280	0.185	1.82	11.6	5.14				
4280	0.185	1.81	11.6	5.14				
4290	0.185	1.81	11.6	5.14				
4290	0.184	1.81	11.6	5.13				
4300	0.184	1.81	11.6	5.13				
4310	0.184	1.81	11.6	5.13				
4310	0.184	1.8	11.6	5.13				
4320	0.184	1.8	11.6	5.13				
4320	0.183	1.8	11.6	5.13				
4330	0.183	1.8	11.6	5.13				
4340	0.183	1.8	11.6	5.12				
4340	0.183	1.79	11.6	5.12				
4350	0.182	1.79	11.6	5.12				
4350	0.182	1.79	11.6	5.12				
4360	0.182	1.79	11.6	5.12				
4370	0.182	1.79	11.6	5.12				
4370	0.182	1.78	11.6	5.12				
4380	0.181	1.78	11.6	5.11				
4380	0.181	1.78	11.6	5.11				
4390	0.181	1.78	11.6	5.11				
4400	0.181	1.78	11.6	5.11				
4400	0.181	1.77	11.6	5.11				
4410	0.18	1.77	11.6	5.11				
4410	0.18	1.77	11.6	5.11				
4420	0.18	1.77	11.6	5.1				
4430	0.18	1.77	11.6	5.1				
4430	0.18	1.76	11.7	5.1				
4440	0.179	1.76	11.7	5.1				
4440	0.179	1.76	11.7	5.1				
4450	0.179	1.76	11.7	5.1				
4460	0.179	1.76	11.7	5.1				
4460	0.179	1.75	11.7	5.1				
4470	0.178	1.75	11.7	5.09				
4470	0.178	1.75	11.7	5.09				
4480	0.178	1.75	11.7	5.09				
4490	0.178	1.75	11.7	5.09				
4490	0.178	1.74	11.7	5.09				
4500	0.177	1.74	11.7	5.09				
4500	0.177	1.74	11.7	5.09				
4510	0.177	1.74	11.7	5.09				
4520	0.177	1.74	11.7	5.08				
4520	0.177	1.73	11.7	5.08				
4530	0.177	1.73	11.7	5.08				
4530	0.176	1.73	11.7	5.08				
4540	0.176	1.73	11.7	5.08				
4550	0.176	1.73	11.7	5.08				
4550	0.176	1.72	11.7	5.08				
4560	0.176	1.72	11.7	5.08				
4560	0.175	1.72	11.7	5.07				
4570	0.175	1.72	11.7	5.07				
4580	0.175	1.72	11.7	5.07				
4580	0.175	1.72	11.7	5.07				
4590	0.175	1.71	11.7	5.07				
4590	0.174	1.71	11.7	5.07				
4600	0.174	1.71	11.7	5.07				
4610	0.174	1.71	11.7	5.07				
4610	0.174	1.71	11.7	5.07				
4620	0.174	1.7	11.7	5.06				
4620	0.173	1.7	11.8	5.06				
4630	0.173	1.7	11.8	5.06				
4640	0.173	1.7	11.8	5.06				
4640	0.173	1.7	11.8	5.06				
4650	0.173	1.69	11.8	5.06				
4650	0.172	1.69	11.8	5.06				
4660	0.172	1.69	11.8	5.06				
4670	0.172	1.69	11.8	5.06				
4670	0.172	1.69	11.8	5.05				
4680	0.172	1.69	11.8	5.05				
4680	0.171	1.68	11.8	5.05				
4690	0.171	1.68	11.8	5.05				
4700	0.171	1.68	11.8	5.05				
4700	0.171	1.68	11.8	5.05				
4710	0.171	1.68	11.8	5.05				
4710	0.171	1.67	11.8	5.05				
4720	0.17	1.67	11.8	5.05				
4730	0.17	1.67	11.8	5.05				
4730	0.17	1.67	11.8	5.04				
4740	0.17	1.67	11.8	5.04				
4740	0.17	1.66	11.8	5.04				
4750	0.169	1.66	11.8	5.04				
4760	0.169	1.66	11.8	5.04				
4760	0.169	1.66	11.8	5.04				
4770	0.169	1.66	11.8	5.04				
4770	0.169	1.66	11.8	5.04				
4780	0.168	1.65	11.8	5.04				
4790	0.168	1.65	11.8	5.04				
4790	0.168	1.65	11.8	5.04				
4800	0.168	1.65	11.8	5.03				
4800	0.168	1.65	11.8	5.03				
4810	0.168	1.64	11.8	5.03				
4820	0.167	1.64	11.8	5.03				
4820	0.167	1.64	11.8	5.03				
4830	0.167	1.64	11.8	5.03				
4830	0.167	1.64	11.8	5.03				
4840	0.167	1.64	11.8	5.03				
4850	0.166	1.63	11.8	5.03				
4850	0.166	1.63	11.9	5.03				
4860	0.166	1.63	11.9	5.03				
4860	0.166	1.63	11.9	5.02				
4870	0.166	1.63	11.9	5.02				
4880	0.166	1.62	11.9	5.02				
4880	0.165	1.62	11.9	5.02				
4890	0.165	1.62	11.9	5.02				
4890	0.165	1.62	11.9	5.02				
4900	0.165	1.62	11.9	5.02				
4910	0.165	1.62	11.9	5.02				
4910	0.164	1.61	11.9	5.02				
4920	0.164	1.61	11.9	5.02				
4920	0.164	1.61	11.9	5.02				
4930	0.164	1.61	11.9	5.02				
4940	0.164	1.61	11.9	5.02				
4940	0.163	1.6	11.9	5.01				
4950	0.163	1.6	11.9	5.01				
4950	0.163	1.6	11.9	5.01				
4960	0.163	1.6	11.9	5.01				
4970	0.163	1.6	11.9	5.01				
4970	0.163	1.6	11.9	5.01				
4980	0.162	1.59	11.9	5.01				
4980	0.162	1.59	11.9	5.01				
4990	0.162	1.59	11.9	5.01				
5000	0.162	1.59	11.9	5.01				
5000	0.162	1.59	11.9	5.01				
5010	0.162	1.59	11.9	5.01				
5020	0.161	1.58	11.9	5.01				
5020	0.161	1.58	11.9	5				
5030	0.161	1.58	11.9	5				
5030	0.161	1.58	11.9	5				
5040	0.161	1.58	11.9	5				
5050	0.16	1.57	11.9	5				
5050	0.16	1.57	11.9	5				
5060	0.16	1.57	11.9	5				
5060	0.16	1.57	11.9	5				
5070	0.16	1.57	11.9	5				
5080	0.16	1.57	11.9	5				
5080	0.159	1.56	11.9	5				
5090	0.159	1.56	11.9	5				
5090	0.159	1.56	11.9	5				
5100	0.159	1.56	11.9	5				
5110	0.159	1.56	11.9	4.99				
5110	0.158	1.56	11.9	4.99				
5120	0.158	1.55	11.9	4.99				
5120	0.158	1.55	11.9	4.99				
5130	0.158	1.55	12	4.99				
5140	0.158	1.55	12	4.99				
5140	0.158	1.55	12	4.99				
5150	0.157	1.55	12	4.99				
5150	0.157	1.54	12	4.99				
5160	0.157	1.54	12	4.99				
5170	0.157	1.54	12	4.99				
5170	0.157	1.54	12	4.99				
5180	0.157	1.54	12	4.99				
5180	0.156	1.53	12	4.99				
5190	0.156	1.53	12	4.99				
5200	0.156	1.53	12	4.99				
5200	0.156	1.53	12	4.99				
5210	0.156	1.53	12	4.98				
5210	0.156	1.53	12	4.98				
5220	0.155	1.52	12	4.98				
5230	0.155	1.52	12	4.98				
5230	0.155	1.52	12	4.98				
5240	0.155	1.52	12	4.98				
5240	0.155	1.52	12	4.98				
5250	0.154	1.52	12	4.98				
5260	0.154	1.51	12	4.98				
5260	0.154	1.51	12	4.98				
5270	0.154	1.51	12	4.98				
5270	0.154	1.51	12	4.98				
5280	0.154	1.51	12	4.98				
5290	0.153	1.51	12	4.98				
5290	0.153	1.5	12	4.98				
5300	0.153	1.5	12	4.98				
5300	0.153	1.5	12	4.98				
5310	0.153	1.5	12	4.98				
5320	0.153	1.5	12	4.97				
5320	0.152	1.5	12	4.97				
5330	0.152	1.49	12	4.97				
5330	0.152	1.49	12	4.97				
5340	0.152	1.49	12	4.97				
5350	0.152	1.49	12	4.97				
5350	0.152	1.49	12	4.97				
5360	0.151	1.49	12	4.97				
5360	0.151	1.48	12	4.97				
5370	0.151	1.48	12	4.97				
5380	0.151	1.48	12	4.97				
5380	0.151	1.48	12	4.97				
5390	0.151	1.48	12	4.97				
5390	0.15	1.48	12	4.97				
5400	0.15	1.47	12	4.97				
5410	0.15	1.47	12	4.97				
5410	0.15	1.47	12	4.97				
5420	0.15	1.47	12	4.97				
5420	0.15	1.47	12	4.97				
5430	0.149	1.47	12	4.97				
5440	0.149	1.46	12	4.96				
5440	0.149	1.46	12	4.96				
5450	0.149	1.46	12	4.96				
5450	0.149	1.46	12	4.96				
5460	0.149	1.46	12	4.96				
5470	0.148	1.46	12	4.96				
5470	0.148	1.46	12	4.96				
5480	0.148	1.45	12.1	4.96				
5480	0.148	1.45	12.1	4.96				
5490	0.148	1.45	12.1	4.96				
5500	0.148	1.45	12.1	4.96				
5500	0.147	1.45	12.1	4.96				
5510	0.147	1.45	12.1	4.96				
5510	0.147	1.44	12.1	4.96				
5520	0.147	1.44	12.1	4.96				
5530	0.147	1.44	12.1	4.96				
5530	0.147	1.44	12.1	4.96				
5540	0.146	1.44	12.1	4.96				
5540	0.146	1.44	12.1	4.96				
5550	0.146	1.43	12.1	4.96				
5560	0.146	1.43	12.1	4.96				
5560	0.146	1.43	12.1	4.96				
5570	0.146	1.43	12.1	4.96				
5570	0.145	1.43	12.1	4.96				
5580	0.145	1.43	12.1	4.96				
5590	0.145	1.42	12.1	4.95				
5590	0.145	1.42	12.1	4.95				
5600	0.145	1.42	12.1	4.95				
5600	0.145	1.42	12.1	4.95				
5610	0.145	1.42	12.1	4.95				
5620	0.144	1.42	12.1	4.95				
5620	0.144	1.42	12.1	4.95				
5630	0.144	1.41	12.1	4.95				
5630	0.144	1.41	12.1	4.95				
5640	0.144	1.41	12.1	4.95				
5650	0.144	1.41	12.1	4.95				
5650	0.143	1.41	12.1	4.95				
5660	0.143	1.41	12.1	4.95				
5660	0.143	1.4	12.1	4.95				
5670	0.143	1.4	12.1	4.95				
5680	0.143	1.4	12.1	4.95				
5680	0.143	1.4	12.1	4.95				
5690	0.142	1.4	12.1	4.95				
5690	0.142	1.4	12.1	4.95				
5700	0.142	1.4	12.1	4.95				
5710	0.142	1.39	12.1	4.95				
5710	0.142	1.39	12.1	4.95				
5720	0.142	1.39	12.1	4.95				
5720	0.142	1.39	12.1	4.95				
5730	0.141	1.39	12.1	4.95				
5740	0.141	1.39	12.1	4.95				
5740	0.141	1.38	12.1	4.95				
5750	0.141	1.38	12.1	4.95				
5750	0.141	1.38	12.1	4.95				
5760	0.141	1.38	12.1	4.95				
5770	0.14	1.38	12.1	4.94				
5770	0.14	1.38	12.1	4.94				
5780	0.14	1.38	12.1	4.94				
5780	0.14	1.37	12.1	4.94				
5790	0.14	1.37	12.1	4.94				
5800	0.14	1.37	12.1	4.94				
5800	0.139	1.37	12.1	4.94				
5810	0.139	1.37	12.1	4.94				
5810	0.139	1.37	12.1	4.94				
5820	0.139	1.36	12.1	4.94				
5830	0.139	1.36	12.1	4.94				
5830	0.139	1.36	12.1	4.94				
5840	0.139	1.36	12.1	4.94				
5840	0.138	1.36	12.1	4.94				
5850	0.138	1.36	12.1	4.94				
5860	0.138	1.36	12.1	4.94				
5860	0.138	1.35	12.1	4.94				
5870	0.138	1.35	12.1	4.94				
5870	0.138	1.35	12.1	4.94				
5880	0.137	1.35	12.1	4.94				
5890	0.137	1.35	12.1	4.94				
5890	0.137	1.35	12.1	4.94				
5900	0.137	1.34	12.1	4.94				
5900	0.137	1.34	12.1	4.94				
5910	0.137	1.34	12.1	4.94				
5920	0.137	1.34	12.1	4.94				
5920	0.136	1.34	12.1	4.94				
5930	0.136	1.34	12.1	4.94				
5930	0.136	1.34	12.1	4.94				
5940	0.136	1.33	12.1	4.94				
5950	0.136	1.33	12.2	4.94				
5950	0.136	1.33	12.2	4.94				
5960	0.136	1.33	12.2	4.94				
5960	0.135	1.33	12.2	4.94				
5970	0.135	1.33	12.2	4.94				
5980	0.135	1.33	12.2	4.94				
5980	0.135	1.32	12.2	4.94				
5990	0.135	1.32	12.2	4.94				
5990	0.135	1.32	12.2	4.94				
6000	0.134	1.32	12.2	4.93				
0					0	0	12.5	0
10					0.0364	0.00152	12.5	1.3e-032
20					0.0583	0.00539	12.5	2.27e-032
30					0.1	0.0117	12.5	4.32e-032
40					0.139	0.0211	12.5	6.82e-032
50					0.173	0.0334	12.5	1.01e-031
60.1					0.193	0.048	12.5	1.34e-031
70.1					0.212	0.0637	12.5	1.86e-031
80.1					0.229	0.0804	12.5	2.66e-031
90.1					0.245	0.0985	12.5	3.85e-031
100					0.248	0.117	12.5	5.14e-031
110					0.262	0.136	12.5	8.19e-031
120					0.264	0.156	12.5	1.16e-030
130					0.288	0.177	12.5	2.23e-030
140					0.299	0.198	12.5	3.68e-030
150					0.309	0.22	12.5	6.07e-030
160					0.307	0.243	12.5	8.92e-030
170					0.317	0.265	12.5	1.63e-029
180					0.315	0.288	12.5	2.5e-029
190					0.324	0.31	12.5	4.78e-029
200					0.322	0.333	12.5	7.5e-029
210					0.331	0.356	12.5	1.46e-028
220					0.34	0.379	12.5	2.77e-028
230					0.359	0.403	12.5	5.7e-028
240					0.364	0.428	12.5	9.56e-028
250					0.37	0.453	12.5	1.74e-027
260					0.376	0.478	12.5	3.1e-027
270					0.381	0.504	12.5	5.88e-027
280					0.375	0.529	12.5	9.44e-027
290					0.381	0.554	12.5	1.92e-026
300					0.387	0.579	12.5	3.84e-026
310					0.403	0.604	12.5	8.3e-026
320					0.408	0.63	12.5	1.52e-025
330					0.412	0.657	12.5	2.78e-025
340					0.404	0.683	12.5	4.44e-025
350					0.409	0.708	12.5	9.06e-025
360					0.402	0.734	12.5	1.5e-024
370					0.407	0.758	12.5	3.14e-024
380					0.413	0.783	12.5	6.35e-024
390					0.418	0.809	12.5	1.2e-023
400					0.423	0.834	12.5	2.33e-023
410					0.438	0.86	12.5	4.97e-023
420					0.452	0.887	12.5	1.01e-022
430					0.465	0.914	12.5	2.02e-022
440					0.477	0.943	12.5	4.07e-022
450					0.489	0.972	12.5	8.28e-022
460					0.477	1	12.5	1.29e-021
470					0.478	1.03	12.5	2.65e-021
480					0.479	1.06	12.5	5.55e-021
490					0.491	1.08	12.5	1.27e-020
500					0.503	1.11	12.5	2.71e-020
511					0.513	1.14	12.5	5.72e-020
521					0.523	1.17	12.5	1.2e-019
531					0.521	1.2	12.5	2.23e-019
541					0.52	1.23	12.5	4.52e-019
551					0.53	1.26	12.5	1.03e-018
561					0.517	1.29	12.5	1.67e-018
571					0.517	1.32	12.5	3.58e-018
581					0.506	1.35	12.5	6.23e-018
591					0.507	1.37	12.5	1.38e-017
601					0.508	1.4	12.5	2.75e-017
611					0.521	1.43	12.5	6.54e-017
621					0.522	1.45	12.5	1.26e-016
631					0.523	1.48	12.5	2.39e-016
641					0.512	1.51	12.5	3.91e-016
651					0.515	1.53	12.5	8.16e-016
661					0.506	1.56	12.5	1.37e-015
671					0.509	1.58	12.5	2.88e-015
681					0.523	1.61	12.5	6.53e-015
691					0.537	1.64	12.5	1.35e-014
701					0.537	1.66	12.5	2.32e-014
711					0.539	1.69	12.5	4.35e-014
721					0.541	1.71	12.5	8.46e-014
731					0.553	1.74	12.5	1.82e-013
741					0.565	1.77	12.5	3.71e-013
751					0.565	1.8	12.5	6.63e-013
761					0.553	1.82	12.5	1.06e-012
771					0.555	1.85	12.5	2.16e-012
781					0.557	1.87	12.5	4.37e-012
791					0.558	1.9	12.5	8.35e-012
801					0.571	1.93	12.5	1.82e-011
811					0.583	1.95	12.5	3.72e-011
821					0.571	1.98	12.5	5.71e-011
831					0.583	2	12.5	1.29e-010
841					0.573	2.03	12.5	2.03e-010
851					0.574	2.06	12.5	4.05e-010
861					0.565	2.08	12.5	6.7e-010
871					0.567	2.11	12.5	1.37e-009
881					0.581	2.13	12.5	3.04e-009
891					0.594	2.16	12.5	6.18e-009
901					0.606	2.18	12.5	1.22e-008
911					0.616	2.21	12.5	2.39e-008
921					0.626	2.24	12.5	4.71e-008
931					0.636	2.26	12.5	9.37e-008
941					0.645	2.29	12.5	1.88e-007
951					0.653	2.32	12.5	3.8e-007
961					0.638	2.35	12.5	5.94e-007
971					0.637	2.38	12.5	0.00000121
981					0.624	2.4	12.5	0.00000204
991					0.624	2.43	12.5	0.00000434
1000					0.614	2.45	12.5	0.00000737
1010					0.615	2.48	12.5	0.0000154
1020					0.606	2.5	12.5	0.0000257
1030					0.609	2.53	12.5	0.0000521
1040					0.612	2.55	12.5	0.000102
1050					0.615	2.57	12.5	0.000187
1060					0.617	2.6	12.5	0.00033
1070					0.62	2.62	12.5	0.000605
1080					0.622	2.64	12.5	0.00107
1090					0.624	2.67	12.5	0.00195
1100					0.616	2.69	12.5	0.00307
1110					0.619	2.71	12.5	0.0058
1120					0.612	2.73	12.5	0.00923
1130					0.616	2.76	12.5	0.0174
1140					0.61	2.78	12.5	0.0275
1150					0.614	2.8	12.4	0.0511
1160					0.609	2.82	12.4	0.0801
1170					0.613	2.84	12.4	0.146
1180					0.608	2.86	12.3	0.227
1190					0.614	2.88	12.1	0.405
1200					0.603	2.9	11.9	0.564
1210					0.573	2.92	11.9	0.561
1220					0.547	2.93	12	0.558
1230					0.523	2.95	12	0.555
1240					0.501	2.96	12	0.552
1250					0.481	2.97	12	0.55
1260					0.464	2.98	12	0.547
1270					0.448	2.98	12	0.544
1280					0.434	2.99	12	0.541
1290					0.421	2.99	12	0.539
1300					0.409	3	12	0.536
1310					0.399	3	12	0.533
1320					0.39	3	12	0.531
1330					0.381	3	12	0.528
1340					0.373	3	12	0.525
1350					0.366	3	12	0.523
1360					0.36	3	12	0.52
1370					0.354	3	12	0.518
1380					0.349	3	12	0.515
1390					0.344	2.99	12	0.512
1400					0.34	2.99	12	0.51
1410					0.336	2.99	12	0.507
1420					0.333	2.99	12	0.505
1430					0.329	2.98	12	0.502
1440					0.326	2.98	12.1	0.5
1450					0.324	2.97	12.1	0.497
1460					0.321	2.97	12.1	0.495
1470					0.319	2.97	12.1	0.492
1480					0.317	2.96	12.1	0.49
1490					0.315	2.96	12.1	0.487
1500					0.313	2.95	12.1	0.485
1510					0.311	2.95	12.1	0.483
1520					0.31	2.94	12.1	0.48
1530					0.308	2.94	12.1	0.478
1540					0.307	2.93	12.1	0.475
1550					0.305	2.93	12.1	0.473
1560					0.304	2.92	12.1	0.471
1570					0.303	2.92	12.1	0.468
1580					0.302	2.91	12.1	0.466
1590					0.301	2.91	12.1	0.464
1600					0.3	2.9	12.1	0.461
1610					0.299	2.9	12.1	0.459
1620					0.298	2.89	12.1	0.457
1630					0.297	2.89	12.1	0.454
1640					0.297	2.88	12.1	0.452
1650					0.296	2.88	12.1	0.45
1660					0.295	2.87	12.1	0.448
1670					0.294	2.87	12.1	0.445
1680					0.293	2.86	12.1	0.443
1690					0.293	2.86	12.2	0.441
1700					0.292	2.85	12.2	0.439
1710					0.291	2.85	12.2	0.437
1720					0.291	2.84	12.2	0.434
1730					0.29	2.84	12.2	0.432
1740					0.29	2.83	12.2	0.43
1750					0.289	2.83	12.2	0.428
1760					0.288	2.82	12.2	0.426
1770					0.288	2.82	12.2	0.424
1780					0.287	2.81	12.2	0.422
1790					0.287	2.81	12.2	0.419
1800					0.286	2.8	12.2	0.417
1810					0.285	2.8	12.2	0.415
1820					0.285	2.79	12.2	0.413
1830					0.284	2.79	12.2	0.411
1840					0.284	2.78	12.2	0.409
1850					0.283	2.78	12.2	0.407
1860					0.283	2.77	12.2	0.405
1870					0.282	2.77	12.2	0.403
1880					0.281	2.76	12.2	0.401
1890					0.281	2.76	12.2	0.399
1900					0.28	2.75	12.2	0.397
1910					0.28	2.75	12.2	0.395
1920					0.279	2.74	12.2	0.393
1930					0.279	2.74	12.2	0.391
1940					0.278	2.73	12.2	0.389
1950					0.278	2.73	12.2	0.387
1960					0.277	2.72	12.2	0.385
1970					0.277	2.72	12.2	0.383
1980					0.276	2.71	12.2	0.381
1990					0.276	2.71	12.2	0.379
2000					0.275	2.7	12.3	0.378
2010					0.275	2.7	12.3	0.376
2020					0.274	2.69	12.3	0.374
2030					0.274	2.69	12.3	0.372
2040					0.273	2.68	12.3	0.37
2050					0.273	2.68	12.3	0.368
2060					0.272	2.67	12.3	0.366
2070					0.272	2.67	12.3	0.365
2080					0.271	2.66	12.3	0.363
2090					0.271	2.66	12.3	0.361
2100					0.27	2.65	12.3	0.359
2110					0.27	2.65	12.3	0.357
2120					0.269	2.64	12.3	0.356
2130					0.269	2.64	12.3	0.354
2140					0.268	2.63	12.3	0.352
2150					0.268	2.63	12.3	0.35
2160					0.267	2.62	12.3	0.349
2170					0.267	2.62	12.3	0.347
2180					0.266	2.61	12.3	0.345
2190					0.266	2.61	12.3	0.343
2200					0.265	2.6	12.3	0.342
2210					0.265	2.6	12.3	0.34
2220					0.264	2.59	12.3	0.338
2230					0.264	2.59	12.3	0.337
2240					0.263	2.58	12.3	0.335
2250					0.263	2.58	12.3	0.333
2260					0.262	2.57	12.3	0.332
2270					0.262	2.57	12.3	0.33
2280					0.261	2.56	12.3	0.328
2290					0.261	2.56	12.3	0.327
2300					0.26	2.55	12.3	0.325
2310					0.26	2.55	12.3	0.323
2320					0.259	2.55	12.3	0.322
2330					0.259	2.54	12.3	0.32
2340					0.258	2.54	12.3	0.319
2350					0.258	2.53	12.3	0.317
2360					0.257	2.53	12.3	0.315
2370					0.257	2.52	12.3	0.314
2380					0.256	2.52	12.3	0.312
2390					0.256	2.51	12.3	0.311
2400					0.255	2.51	12.4	0.309
2410					0.255	2.5	12.4	0.308
2420					0.255	2.5	12.4	0.306
2430					0.254	2.49	12.4	0.304
2440					0.254	2.49	12.4	0.303
2450					0.253	2.48	12.4	0.301
2460					0.253	2.48	12.4	0.3
2470					0.252	2.48	12.4	0.298
2480					0.252	2.47	12.4	0.297
2490					0.251	2.47	12.4	0.295
2500					0.251	2.46	12.4	0.294
2510					0.25	2.46	12.4	0.293
2520					0.25	2.45	12.4	0.291
2530					0.249	2.45	12.4	0.29
2540					0.249	2.44	12.4	0.288
2550					0.248	2.44	12.4	0.287
2560					0.248	2.43	12.4	0.285
2570					0.248	2.43	12.4	0.284
2580					0.247	2.43	12.4	0.282
2590					0.247	2.42	12.4	0.281
2600					0.246	2.42	12.4	0.28
2610					0.246	2.41	12.4	0.278
2620					0.245	2.41	12.4	0.277
2630					0.245	2.4	12.4	0.275
2640					0.244	2.4	12.4	0.274
2650					0.244	2.39	12.4	0.273
2660					0.243	2.39	12.4	0.271
2670					0.243	2.39	12.4	0.27
2680					0.243	2.38	12.4	0.269
2690					0.242	2.38	12.4	0.267
2700					0.242	2.37	12.4	0.266
2710					0.241	2.37	12.4	0.265
2720					0.241	2.36	12.4	0.263
2730					0.24	2.36	12.4	0.262
2740					0.24	2.35	12.4	0.261
2750					0.239	2.35	12.4	0.259
2760					0.239	2.35	12.4	0.258
2770					0.239	2.34	12.4	0.257
2780					0.238	2.34	12.4	0.256
2790					0.238	2.33	12.4	0.254
2800					0.237	2.33	12.4	0.253
2810					0.237	2.32	12.4	0.252
2820					0.236	2.32	12.4	0.25
2830					0.236	2.32	12.4	0.249
2840					0.236	2.31	12.4	0.248
2850					0.235	2.31	12.4	0.247
2860					0.235	2.3	12.4	0.246
2870					0.234	2.3	12.4	0.244
2880					0.234	2.29	12.4	0.243
2890					0.233	2.29	12.4	0.242
2900					0.233	2.29	12.4	0.241
2910					0.232	2.28	12.4	0.239
2920					0.232	2.28	12.4	0.238
2930					0.232	2.27	12.4	0.237
2940					0.231	2.27	12.4	0.236
2950					0.231	2.26	12.4	0.235
2960					0.23	2.26	12.4	0.234
2970					0.23	2.26	12.5	0.232
2980					0.229	2.25	12.5	0.231
2990					0.229	2.25	12.5	0.23
3000					0.229	2.24	12.5	0.229
3010					0.228	2.24	12.5	0.228
3020					0.228	2.24	12.5	0.227
3030					0.227	2.23	12.5	0.225
3040					0.227	2.23	12.5	0.224
3050					0.227	2.22	12.5	0.223
3060					0.226	2.22	12.5	0.222
3070					0.226	2.22	12.5	0.221
3080					0.225	2.21	12.5	0.22
3090					0.225	2.21	12.5	0.219
3100					0.224	2.2	12.5	0.218
3110					0.224	2.2	12.5	0.217
3120					0.224	2.19	12.5	0.216
3130					0.223	2.19	12.5	0.214
3140					0.223	2.19	12.5	0.213
3150					0.222	2.18	12.5	0.212
3160					0.222	2.18	12.5	0.211
3170					0.222	2.17	12.5	0.21
3180					0.221	2.17	12.5	0.209
3190					0.221	2.17	12.5	0.208
3200					0.22	2.16	12.5	0.207
3210					0.22	2.16	12.5	0.206
3220					0.22	2.15	12.5	0.205
3230					0.219	2.15	12.5	0.204
3240					0.219	2.15	12.5	0.203
3250					0.218	2.14	12.5	0.202
3260					0.218	2.14	12.5	0.201
3270					0.217	2.13	12.5	0.2
3280					0.217	2.13	12.5	0.199
3290					0.217	2.13	12.5	0.198
3300					0.216	2.12	12.5	0.197
3310					0.216	2.12	12.5	0.196
3320					0.215	2.12	12.5	0.195
3330					0.215	2.11	12.5	0.194
3340					0.215	2.11	12.5	0.193
3350					0.214	2.1	12.5	0.192
3360					0.214	2.1	12.5	0.191
3370					0.214	2.1	12.5	0.19
3380					0.213	2.09	12.5	0.189
3390					0.213	2.09	12.5	0.188
3400					0.212	2.08	12.5	0.187
3410					0.212	2.08	12.5	0.186
3420					0.212	2.08	12.5	0.186
3430					0.211	2.07	12.5	0.185
3440					0.211	2.07	12.5	0.184
3450					0.21	2.06	12.5	0.183
3460					0.21	2.06	12.5	0.182
3470					0.21	2.06	12.5	0.181
3480					0.209	2.05	12.5	0.18
3490					0.209	2.05	12.5	0.179
3500					0.208	2.05	12.5	0.178
3510					0.208	2.04	12.5	0.177
3520					0.208	2.04	12.5	0.176
3530					0.207	2.03	12.5	0.176
3540					0.207	2.03	12.5	0.175
3550					0.207	2.03	12.5	0.174
3560					0.206	2.02	12.5	0.173
3570					0.206	2.02	12.5	0.172
3580					0.205	2.02	12.5	0.171
3590					0.205	2.01	12.5	0.17
3600					0.205	2.01	12.5	0.17
3610					0.204	2	12.5	0.169
3620					0.204	2	12.5	0.168
3630					0.203	2	12.5	0.167
3640					0.203	1.99	12.5	0.166
3650					0.203	1.99	12.5	0.165
3660					0.202	1.99	12.5	0.165
3670					0.202	1.98	12.5	0.164
3680					0.202	1.98	12.5	0.163
3690					0.201	1.98	12.5	0.162
3700					0.201	1.97	12.5	0.161
3710					0.2	1.97	12.5	0.16
3720					0.2	1.96	12.5	0.16
3730					0.2	1.96	12.5	0.159
3740					0.199	1.96	12.5	0.158
3750					0.199	1.95	12.5	0.157
3760					0.199	1.95	12.5	0.156
3770					0.198	1.95	12.5	0.156
3780					0.198	1.94	12.5	0.155
3790					0.198	1.94	12.5	0.154
3800					0.197	1.94	12.5	0.153
3810					0.197	1.93	12.5	0.153
3820					0.196	1.93	12.5	0.152
3830					0.196	1.92	12.5	0.151
3840					0.196	1.92	12.5	0.15
3850					0.195	1.92	12.5	0.15
3860					0.195	1.91	12.5	0.149
3870					0.195	1.91	12.5	0.148
3880					0.194	1.91	12.5	0.147
3890					0.194	1.9	12.5	0.147
3900					0.194	1.9	12.5	0.146
3910					0.193	1.9	12.5	0.145
3920					0.193	1.89	12.5	0.144
3930					0.192	1.89	12.5	0.144
3940					0.192	1.89	12.5	0.143
3950					0.192	1.88	12.5	0.142
3960					0.191	1.88	12.5	0.142
3970					0.191	1.88	12.5	0.141
3980					0.191	1.87	12.5	0.14
3990					0.19	1.87	12.5	0.139
4000					0.19	1.86	12.5	0.139
4010					0.19	1.86	12.5	0.138
4020					0.189	1.86	12.5	0.137
4030					0.189	1.85	12.5	0.137
4040					0.189	1.85	12.5	0.136
4050					0.188	1.85	12.5	0.135
4060					0.188	1.84	12.5	0.135
4070					0.188	1.84	12.5	0.134
4080					0.187	1.84	12.5	0.133
4090					0.187	1.83	12.5	0.133
4100					0.187	1.83	12.5	0.132
4110					0.186	1.83	12.5	0.131
4120					0.186	1.82	12.5	0.131
4130					0.185	1.82	12.5	0.13
4140					0.185	1.82	12.5	0.129
4150					0.185	1.81	12.5	0.129
4160					0.184	1.81	12.6	0.128
4170					0.184	1.81	12.6	0.127
4180					0.184	1.8	12.6	0.127
4190					0.183	1.8	12.6	0.126
4200					0.183	1.8	12.6	0.126
4210					0.183	1.79	12.6	0.125
4220					0.182	1.79	12.6	0.124
4230					0.182	1.79	12.6	0.124
4240					0.182	1.78	12.6	0.123
4250					0.181	1.78	12.6	0.122
4260					0.181	1.78	12.6	0.122
4270					0.181	1.77	12.6	0.121
4280					0.18	1.77	12.6	0.121
4290					0.18	1.77	12.6	0.12
4300					0.18	1.76	12.6	0.119
4310					0.179	1.76	12.6	0.119
4320					0.179	1.76	12.6	0.118
4330					0.179	1.75	12.6	0.118
4340					0.178	1.75	12.6	0.117
4350					0.178	1.75	12.6	0.116
4360					0.178	1.74	12.6	0.116
4370					0.177	1.74	12.6	0.115
4380					0.177	1.74	12.6	0.115
4390					0.177	1.73	12.6	0.114
4400					0.176	1.73	12.6	0.114
4410					0.176	1.73	12.6	0.113
4420					0.176	1.73	12.6	0.112
4430					0.175	1.72	12.6	0.112
4440					0.175	1.72	12.6	0.111
4450					0.175	1.72	12.6	0.111
4460					0.174	1.71	12.6	0.11
4470					0.174	1.71	12.6	0.11
4480					0.174	1.71	12.6	0.109
4490					0.174	1.7	12.6	0.109
4500					0.173	1.7	12.6	0.108
4510					0.173	1.7	12.6	0.108
4520					0.173	1.69	12.6	0.107
4530					0.172	1.69	12.6	0.106
4540					0.172	1.69	12.6	0.106
4550					0.172	1.68	12.6	0.105
4560					0.171	1.68	12.6	0.105
4570					0.171	1.68	12.6	0.104
4580					0.171	1.68	12.6	0.104
4590					0.17	1.67	12.6	0.103
4600					0.17	1.67	12.6	0.103
4610					0.17	1.67	12.6	0.102
4620					0.169	1.66	12.6	0.102
4630					0.169	1.66	12.6	0.101
4640					0.169	1.66	12.6	0.101
4650					0.168	1.65	12.6	0.1
4660					0.168	1.65	12.6	0.0997
4670					0.168	1.65	12.6	0.0992
4680					0.168	1.64	12.6	0.0987
4690					0.167	1.64	12.6	0.0982
4700					0.167	1.64	12.6	0.0978
4710					0.167	1.64	12.6	0.0973
4720					0.166	1.63	12.6	0.0968
4730					0.166	1.63	12.6	0.0963
4740					0.166	1.63	12.6	0.0958
4750					0.165	1.62	12.6	0.0953
4760					0.165	1.62	12.6	0.0949
4770					0.165	1.62	12.6	0.0944
4780					0.164	1.61	12.6	0.0939
4790					0.164	1.61	12.6	0.0934
4800					0.164	1.61	12.6	0.093
4810					0.164	1.61	12.6	0.0925
4820					0.163	1.6	12.6	0.0921
4830					0.163	1.6	12.6	0.0916
4840					0.163	1.6	12.6	0.0911
4850					0.162	1.59	12.6	0.0907
4860					0.162	1.59	12.6	0.0902
4870					0.162	1.59	12.6	0.0898
4880					0.161	1.58	12.6	0.0893
4890					0.161	1.58	12.6	0.0889
4900					0.161	1.58	12.6	0.0884
4910					0.161	1.58	12.6	0.088
4920					0.16	1.57	12.6	0.0876
4930					0.16	1.57	12.6	0.0871
4940					0.16	1.57	12.6	0.0867
4950					0.159	1.56	12.6	0.0863
4960					0.159	1.56	12.6	0.0858
4970					0.159	1.56	12.6	0.0854
4980					0.158	1.56	12.6	0.085
4990					0.158	1.55	12.6	0.0845
5000					0.158	1.55	12.6	0.0841
5020					0.158	1.55	12.6	0.0837
5030					0.157	1.54	12.6	0.0833
5040					0.157	1.54	12.6	0.0829
5050					0.157	1.54	12.6	0.0825
5060					0.156	1.54	12.6	0.082
5070					0.156	1.53	12.6	0.0816
5080					0.156	1.53	12.6	0.0812
5090					0.156	1.53	12.6	0.0808
5100					0.155	1.52	12.6	0.0804
5110					0.155	1.52	12.6	0.08
5120					0.155	1.52	12.6	0.0796
5130					0.154	1.52	12.6	0.0792
5140					0.154	1.51	12.6	0.0788
5150					0.154	1.51	12.6	0.0784
5160					0.154	1.51	12.6	0.078
5170					0.153	1.5	12.6	0.0777
5180					0.153	1.5	12.6	0.0773
5190					0.153	1.5	12.6	0.0769
5200					0.152	1.5	12.6	0.0765
5210					0.152	1.49	12.6	0.0761
5220					0.152	1.49	12.6	0.0757
5230					0.152	1.49	12.6	0.0754
5240					0.151	1.49	12.6	0.075
5250					0.151	1.48	12.6	0.0746
5260					0.151	1.48	12.6	0.0742
5270					0.15	1.48	12.6	0.0739
5280					0.15	1.47	12.6	0.0735
5290					0.15	1.47	12.6	0.0731
5300					0.15	1.47	12.6	0.0728
5310					0.149	1.47	12.6	0.0724
5320					0.149	1.46	12.6	0.072
5330					0.149	1.46	12.6	0.0717
5340					0.149	1.46	12.6	0.0713
5350					0.148	1.46	12.6	0.071
5360					0.148	1.45	12.6	0.0706
5370					0.148	1.45	12.6	0.0703
5380					0.147	1.45	12.6	0.0699
5390					0.147	1.44	12.6	0.0696
5400					0.147	1.44	12.6	0.0692
5410					0.147	1.44	12.6	0.0689
5420					0.146	1.44	12.6	0.0685
5430					0.146	1.43	12.6	0.0682
5440					0.146	1.43	12.6	0.0678
5450					0.146	1.43	12.6	0.0675
5460					0.145	1.43	12.6	0.0672
5470					0.145	1.42	12.6	0.0668
5480					0.145	1.42	12.6	0.0665
5490					0.144	1.42	12.6	0.0662
5500					0.144	1.42	12.6	0.0658
5510					0.144	1.41	12.6	0.0655
5520					0.144	1.41	12.6	0.0652
5530					0.143	1.41	12.6	0.0648
5540					0.143	1.4	12.6	0.0645
5550					0.143	1.4	12.6	0.0642
5560					0.143	1.4	12.6	0.0639
5570					0.142	1.4	12.6	0.0636
5580					0.142	1.39	12.6	0.0632
5590					0.142	1.39	12.6	0.0629
5600					0.142	1.39	12.6	0.0626
5610					0.141	1.39	12.6	0.0623
5620					0.141	1.38	12.6	0.062
5630					0.141	1.38	12.6	0.0617
5640					0.141	1.38	12.6	0.0614
5650					0.14	1.38	12.6	0.0611
5660					0.14	1.37	12.6	0.0608
5670					0.14	1.37	12.6	0.0605
5680					0.139	1.37	12.6	0.0602
5690					0.139	1.37	12.6	0.0599
5700					0.139	1.36	12.6	0.0596
5710					0.139	1.36	12.6	0.0593
5720					0.138	1.36	12.6	0.059
5730					0.138	1.36	12.6	0.0587
5740					0.138	1.35	12.6	0.0584
5750					0.138	1.35	12.6	0.0581
5760					0.137	1.35	12.6	0.0578
5770					0.137	1.35	12.6	0.0575
5780					0.137	1.34	12.6	0.0572
5790					0.137	1.34	12.6	0.0569
5800					0.136	1.34	12.6	0.0567
5810					0.136	1.34	12.6	0.0564
5820					0.136	1.33	12.6	0.0561
5830					0.136	1.33	12.6	0.0558
5840					0.135	1.33	12.6	0.0555
5850					0.135	1.33	12.6	0.0553
5860					0.135	1.32	12.6	0.055
5870					0.135	1.32	12.6	0.0547
5880					0.134	1.32	12.6	0.0544
5890					0.134	1.32	12.6	0.0542
5900					0.134	1.31	12.6	0.0539
5910					0.134	1.31	12.6	0.0536
5920					0.133	1.31	12.6	0.0533
5930					0.133	1.31	12.6	0.0531
5940					0.133	1.3	12.6	0.0528
5950					0.133	1.3	12.6	0.0526
5960					0.132	1.3	12.6	0.0523
5970					0.132	1.3	12.6	0.052
5980					0.132	1.3	12.6	0.0518
5990					0.132	1.29	12.6	0.0515
6000					0.131	1.29	12.6	0.0513