"Time [s]"	0.0002	0.0004
0	0	0
9	9.62e-033	9.65e-033
18	1.13e-032	1.14e-032
27	1.75e-032	1.76e-032
36	2.31e-032	2.32e-032
45	2.44e-032	2.45e-032
54	3.4e-032	3.42e-032
63.1	4.07e-032	4.09e-032
72.1	5.09e-032	5.12e-032
81.1	6.64e-032	6.66e-032
90.1	8.99e-032	9.02e-032
99.1	1.07e-031	1.07e-031
108	1.36e-031	1.37e-031
117	1.78e-031	1.78e-031
126	2.11e-031	2.11e-031
135	2.77e-031	2.78e-031
144	3.62e-031	3.62e-031
153	4.37e-031	4.37e-031
162	4.35e-031	4.35e-031
171	6.27e-031	6.28e-031
180	9.13e-031	9.13e-031
189	1.57e-030	1.57e-030
198	2.31e-030	2.31e-030
207	3.43e-030	3.43e-030
216	4.7e-030	4.7e-030
225	5.98e-030	5.98e-030
234	8.09e-030	8.09e-030
243	1.25e-029	1.25e-029
252	1.64e-029	1.64e-029
261	2.42e-029	2.42e-029
270	3.83e-029	3.83e-029
279	5.11e-029	5.11e-029
288	7.94e-029	7.94e-029
297	9.17e-029	9.17e-029
306	9.12e-029	9.12e-029
315	9.08e-029	9.08e-029
324	1.76e-028	1.76e-028
333	2.82e-028	2.82e-028
342	5.32e-028	5.32e-028
351	7.98e-028	7.98e-028
360	1.1e-027	1.1e-027
369	2.17e-027	2.17e-027
378	2.85e-027	2.85e-027
387	4.73e-027	4.73e-027
396	6.81e-027	6.81e-027
405	8.78e-027	8.78e-027
414	1.23e-026	1.23e-026
423	1.92e-026	1.92e-026
432	3.04e-026	3.04e-026
441	5.33e-026	5.33e-026
450	9.22e-026	9.22e-026
459	1.32e-025	1.32e-025
468	1.65e-025	1.65e-025
477	2.31e-025	2.31e-025
486	2.3e-025	2.3e-025
495	3.55e-025	3.55e-025
504	5.78e-025	5.78e-025
514	8.91e-025	8.91e-025
523	1.65e-024	1.65e-024
532	2.46e-024	2.46e-024
541	3.54e-024	3.54e-024
550	5.9e-024	5.9e-024
559	9.54e-024	9.54e-024
568	1.77e-023	1.77e-023
577	2.56e-023	2.56e-023
586	3.29e-023	3.29e-023
595	3.75e-023	3.75e-023
604	6.5e-023	6.5e-023
613	1.08e-022	1.08e-022
622	1.07e-022	1.07e-022
631	1.07e-022	1.07e-022
640	1.77e-022	1.77e-022
649	4.38e-022	4.38e-022
658	8.27e-022	8.27e-022
667	1.16e-021	1.16e-021
676	1.44e-021	1.44e-021
685	1.44e-021	1.44e-021
694	2.19e-021	2.19e-021
703	3.86e-021	3.86e-021
712	6.86e-021	6.86e-021
721	9.33e-021	9.33e-021
730	1.14e-020	1.14e-020
739	1.9e-020	1.9e-020
748	3.61e-020	3.61e-020
757	6.18e-020	6.18e-020
766	8.91e-020	8.91e-020
775	1.1e-019	1.1e-019
784	1.55e-019	1.55e-019
793	3.04e-019	3.04e-019
802	4.46e-019	4.46e-019
811	6.45e-019	6.45e-019
820	8.5e-019	8.5e-019
829	1.38e-018	1.38e-018
838	2.06e-018	2.06e-018
847	2.84e-018	2.84e-018
856	5.99e-018	5.99e-018
865	8.24e-018	8.24e-018
874	1.14e-017	1.14e-017
883	1.86e-017	1.86e-017
892	2.59e-017	2.59e-017
901	3.8e-017	3.8e-017
910	6.29e-017	6.29e-017
919	1.05e-016	1.05e-016
928	1.86e-016	1.86e-016
937	2.76e-016	2.76e-016
946	4.95e-016	4.95e-016
955	8.48e-016	8.48e-016
964	1.18e-015	1.18e-015
973	1.51e-015	1.51e-015
982	2.39e-015	2.39e-015
991	4.81e-015	4.81e-015
1000	8.76e-015	8.76e-015
1010	1.28e-014	1.28e-014
1020	1.81e-014	1.81e-014
1030	2.52e-014	2.52e-014
1040	4.32e-014	4.32e-014
1050	6.35e-014	6.35e-014
1050	9.5e-014	9.5e-014
1060	1.66e-013	1.66e-013
1070	2.81e-013	2.81e-013
1080	4.02e-013	4.02e-013
1090	5.71e-013	5.71e-013
1100	7.98e-013	7.98e-013
1110	1.27e-012	1.27e-012
1120	2.06e-012	2.06e-012
1130	2.79e-012	2.79e-012
1140	5.55e-012	5.55e-012
1140	9.44e-012	9.44e-012
1150	1.18e-011	1.18e-011
1160	1.46e-011	1.46e-011
1170	2.2e-011	2.2e-011
1180	3.01e-011	3.01e-011
1190	4.95e-011	4.95e-011
1200	7.04e-011	7.04e-011
1210	9.76e-011	9.76e-011
1220	1.56e-010	1.56e-010
1230	2.12e-010	2.12e-010
1230	3e-010	3e-010
1240	4.72e-010	4.72e-010
1250	7.27e-010	7.27e-010
1260	1.06e-009	1.06e-009
1270	1.57e-009	1.57e-009
1280	2.35e-009	2.35e-009
1290	3.29e-009	3.29e-009
1300	3.69e-009	3.69e-009
1310	5.01e-009	5.01e-009
1320	7.99e-009	7.99e-009
1320	1.27e-008	1.27e-008
1330	2.3e-008	2.3e-008
1340	2.79e-008	2.79e-008
1350	2.78e-008	2.78e-008
1360	2.9e-008	2.9e-008
1370	5.5e-008	5.5e-008
1380	7.96e-008	7.96e-008
1390	1.13e-007	1.13e-007
1400	1.77e-007	1.77e-007
1410	2.8e-007	2.8e-007
1410	3.73e-007	3.73e-007
1420	5.42e-007	5.42e-007
1430	6.81e-007	6.81e-007
1440	7.71e-007	7.71e-007
1450	0.00000118	0.00000118
1460	0.00000152	0.00000152
1470	0.00000273	0.00000273
1480	0.00000298	0.00000298
1490	0.00000385	0.00000385
1500	0.0000058	0.0000058
1500	0.000008	0.000008
1510	0.00000809	0.00000809
1520	0.000013	0.000013
1530	0.0000213	0.0000213
1540	0.0000263	0.0000263
1550	0.0000328	0.0000328
1560	0.0000338	0.0000338
1570	0.0000337	0.0000337
1580	0.000049	0.000049
1590	0.000068	0.000068
1590	0.0000992	0.0000992
1600	0.000146	0.000146
1610	0.000145	0.000145
1620	0.000212	0.000212
1630	0.000237	0.000237
1640	0.000306	0.000306
1650	0.00044	0.00044
1660	0.000694	0.000694
1670	0.000827	0.000827
1680	0.00113	0.00113
1680	0.00118	0.00118
1690	0.0015	0.0015
1700	0.00214	0.00214
1710	0.00272	0.00272
1720	0.00286	0.00286
1730	0.00419	0.00419
1740	0.00526	0.00526
1750	0.00691	0.00691
1760	0.00788	0.00788
1770	0.00785	0.00785
1770	0.0114	0.0114
1780	0.0163	0.0163
1790	0.02	0.02
1800	0.02	0.02
1810	0.0259	0.0259
1820	0.0327	0.0327
1830	0.0406	0.0406
1840	0.0404	0.0404
1850	0.0402	0.0402
1860	0.0401	0.0401
1860	0.0556	0.0556
1870	0.0753	0.0753
1880	0.109	0.109
1890	0.135	0.135
1900	0.142	0.142
1910	0.194	0.194
1920	0.231	0.231
1930	0.289	0.289
1940	0.318	0.318
1950	0.378	0.378
1950	0.484	0.484
1960	0.614	0.614
1970	0.611	0.611
1980	0.807	0.807
1990	1.01	1.01
2000	1.01	1.01
2010	1.2	1.2
2020	1.45	1.45
2030	1.76	1.76
2040	2.3	2.3
2050	2.36	2.74
2050	2.88	2.73
2060	3.7	3.21
2070	3.75	3.81
2080	4.49	4.57
2090	4.87	5.51
2100	5.45	5.5
2110	5.7	5.76
2120	6.57	6.08
2130	6.55	6.07
2140	7.06	6.37
2140	7.53	7.15
2150	7.95	7.14
2160	8.19	7.43
2170	8.68	8.02
2180	8.65	8.41
2190	8.61	8.72
2200	8.91	8.69
2210	8.88	8.71
2220	8.84	9.17
2230	9.08	9.43
2230	9.29	9.68
2240	9.26	9.97
2250	9.43	9.94
2260	9.64	9.9
2270	9.86	9.86
2280	9.82	9.97
2290	9.98	10.1
2300	10.1	10.3
2310	10.2	10.3
2320	10.3	10.4
2320	10.4	10.5
2330	10.4	10.5
2340	10.5	10.6
2350	10.5	10.6
2360	10.5	10.6
2370	10.5	10.6
2380	10.6	10.6
2390	10.6	10.6
2400	10.6	10.7
2410	10.5	10.7
2410	10.6	10.7
2420	10.6	10.7
2430	10.6	10.7
2440	10.6	10.7
2450	10.5	10.7
2460	10.5	10.7
2470	10.5	10.7
2480	10.5	10.6
2490	10.5	10.6
2500	10.4	10.6
2500	10.4	10.6
2510	10.4	10.5
2520	10.4	10.5
2530	10.3	10.5
2540	10.3	10.5
2550	10.3	10.4
2560	10.2	10.4
2570	10.2	10.4
2580	10.2	10.3
2590	10.1	10.3
2590	10.1	10.3
2600	10.1	10.3
2610	10	10.2
2620	9.99	10.2
2630	9.96	10.2
2640	9.93	10.1
2650	9.89	10.1
2660	9.86	10.1
2670	9.82	10
2680	9.79	10
2680	9.75	9.98
2690	9.72	9.95
2700	9.69	9.92
2710	9.66	9.89
2720	9.62	9.86
2730	9.59	9.83
2740	9.56	9.8
2750	9.53	9.77
2760	9.5	9.74
2770	9.46	9.71
2770	9.43	9.68
2780	9.4	9.66
2790	9.37	9.63
2800	9.34	9.6
2810	9.3	9.57
2820	9.27	9.54
2830	9.24	9.52
2840	9.21	9.49
2850	9.18	9.46
2860	9.15	9.43
2860	9.12	9.41
2870	9.09	9.38
2880	9.06	9.35
2890	9.03	9.33
2900	9	9.3
2910	8.97	9.28
2920	8.95	9.25
2930	8.92	9.23
2940	8.89	9.2
2950	8.86	9.18
2950	8.83	9.15
2960	8.8	9.13
2970	8.78	9.1
2980	8.75	9.08
2990	8.72	9.06
3000	8.69	9.03
3010	8.67	9.01
3020	8.64	8.99
3030	8.62	8.97
3040	8.59	8.94
3050	8.56	8.92
3050	8.54	8.9
3060	8.51	8.88
3070	8.49	8.86
3080	8.46	8.83
3090	8.44	8.81
3100	8.41	8.79
3110	8.39	8.77
3120	8.36	8.75
3130	8.34	8.73
3140	8.31	8.71
3140	8.29	8.69
3150	8.27	8.67
3160	8.24	8.65
3170	8.22	8.63
3180	8.2	8.61
3190	8.17	8.59
3200	8.15	8.58
3210	8.13	8.56
3220	8.1	8.54
3230	8.08	8.52
3230	8.06	8.5
3240	8.04	8.48
3250	8.02	8.47
3260	7.99	8.45
3270	7.97	8.43
3280	7.95	8.42
3290	7.93	8.4
3300	7.91	8.38
3310	7.89	8.36
3320	7.87	8.35
3320	7.85	8.33
3330	7.83	8.32
3340	7.81	8.3
3350	7.79	8.28
3360	7.77	8.27
3370	7.75	8.25
3380	7.73	8.24
3390	7.71	8.22
3400	7.69	8.21
3410	7.67	8.19
3410	7.65	8.18
3420	7.63	8.16
3430	7.61	8.15
3440	7.59	8.13
3450	7.58	8.12
3460	7.56	8.11
3470	7.54	8.09
3480	7.52	8.08
3490	7.5	8.06
3500	7.49	8.05
3500	7.47	8.04
3510	7.45	8.02
3520	7.43	8.01
3530	7.42	8
3540	7.4	7.99
3550	7.38	7.97
3560	7.37	7.96
3570	7.35	7.95
3580	7.33	7.94
3590	7.32	7.92
3590	7.3	7.91
3600	7.28	7.9
3610	7.27	7.89
3620	7.25	7.88
3630	7.24	7.86
3640	7.22	7.85
3650	7.2	7.84
3660	7.19	7.83
3670	7.17	7.82
3680	7.16	7.81
3680	7.14	7.8
3690	7.13	7.79
3700	7.11	7.78
3710	7.1	7.77
3720	7.08	7.75
3730	7.07	7.74
3740	7.05	7.73
3750	7.04	7.72
3760	7.03	7.71
3770	7.01	7.7
3770	7	7.69
3780	6.98	7.68
3790	6.97	7.68
3800	6.96	7.67
3810	6.94	7.66
3820	6.93	7.65
3830	6.92	7.64
3840	6.9	7.63
3850	6.89	7.62
3860	6.88	7.61
3860	6.86	7.6
3870	6.85	7.59
3880	6.84	7.58
3890	6.82	7.58
3900	6.81	7.57
3910	6.8	7.56
3920	6.79	7.55
3930	6.77	7.54
3940	6.76	7.53
3950	6.75	7.53
3950	6.74	7.52
3960	6.73	7.51
3970	6.71	7.5
3980	6.7	7.5
3990	6.69	7.49
4000	6.68	7.48
4010	6.67	7.47
4020	6.66	7.47
4030	6.65	7.46
4040	6.63	7.45
4050	6.62	7.44
4050	6.61	7.44
4060	6.6	7.43
4070	6.59	7.42
4080	6.58	7.42
4090	6.57	7.41
4100	6.56	7.4
4110	6.55	7.4
4120	6.54	7.39
4130	6.53	7.38
4140	6.52	7.38
4140	6.51	7.37
4150	6.49	7.36
4160	6.48	7.36
4170	6.47	7.35
4180	6.46	7.35
4190	6.45	7.34
4200	6.44	7.33
4210	6.44	7.33
4220	6.43	7.32
4230	6.42	7.32
4230	6.41	7.31
4240	6.4	7.31
4250	6.39	7.3
4260	6.38	7.3
4270	6.37	7.29
4280	6.36	7.28
4290	6.35	7.28
4300	6.34	7.27
4310	6.33	7.27
4320	6.32	7.26
4320	6.31	7.26
4330	6.31	7.25
4340	6.3	7.25
4350	6.29	7.24
4360	6.28	7.24
4370	6.27	7.23
4380	6.26	7.23
4390	6.25	7.23
4400	6.25	7.22
4410	6.24	7.22
4410	6.23	7.21
4420	6.22	7.21
4430	6.21	7.2
4440	6.21	7.2
4450	6.2	7.19
4460	6.19	7.19
4470	6.18	7.19
4480	6.17	7.18
4490	6.17	7.18
4500	6.16	7.17
4500	6.15	7.17
4510	6.14	7.17
4520	6.14	7.16
4530	6.13	7.16
4540	6.12	7.15
4550	6.11	7.15
4560	6.11	7.15
4570	6.1	7.14
4580	6.09	7.14
4590	6.08	7.14
4590	6.08	7.13
4600	6.07	7.13
4610	6.06	7.13
4620	6.06	7.12
4630	6.05	7.12
4640	6.04	7.12
4650	6.04	7.11
4660	6.03	7.11
4670	6.02	7.11
4680	6.02	7.1
4680	6.01	7.1
4690	6	7.1
4700	6	7.09
4710	5.99	7.09
4720	5.98	7.09
4730	5.98	7.09
4740	5.97	7.08
4750	5.97	7.08
4760	5.96	7.08
4770	5.95	7.07
4770	5.95	7.07
4780	5.94	7.07
4790	5.93	7.07
4800	5.93	7.06
4810	5.92	7.06
4820	5.92	7.06
4830	5.91	7.06
4840	5.91	7.05
4850	5.9	7.05
4860	5.89	7.05
4860	5.89	7.05
4870	5.88	7.04
4880	5.88	7.04
4890	5.87	7.04
4900	5.87	7.04
4910	5.86	7.04
4920	5.85	7.03
4930	5.85	7.03
4940	5.84	7.03
4950	5.84	7.03
4950	5.83	7.02
4960	5.83	7.02
4970	5.82	7.02
4980	5.82	7.02
4990	5.81	7.02
5000	5.81	7.01
5010	5.8	7.01
5020	5.8	7.01
5030	5.79	7.01
5040	5.79	7.01
5050	5.78	7.01
5050	5.78	7
5060	5.77	7
5070	5.77	7
5080	5.76	7
5090	5.76	7
5100	5.75	7
5110	5.75	6.99
5120	5.75	6.99
5130	5.74	6.99
5140	5.74	6.99
5140	5.73	6.99
5150	5.73	6.99
5160	5.72	6.99
5170	5.72	6.98
5180	5.71	6.98
5190	5.71	6.98
5200	5.7	6.98
5210	5.7	6.98
5220	5.7	6.98
5230	5.69	6.98
5230	5.69	6.97
5240	5.68	6.97
5250	5.68	6.97
5260	5.68	6.97
5270	5.67	6.97
5280	5.67	6.97
5290	5.66	6.97
5300	5.66	6.97
5310	5.66	6.97
5320	5.65	6.96
5320	5.65	6.96
5330	5.64	6.96
5340	5.64	6.96
5350	5.64	6.96
5360	5.63	6.96
5370	5.63	6.96
5380	5.62	6.96
5390	5.62	6.96
5400	5.62	6.96
5410	5.61	6.95
5410	5.61	6.95
5420	5.61	6.95
5430	5.6	6.95
5440	5.6	6.95
5450	5.6	6.95
5460	5.59	6.95
5470	5.59	6.95
5480	5.59	6.95
5490	5.58	6.95
5500	5.58	6.95
5500	5.58	6.95
5510	5.57	6.95
5520	5.57	6.95
5530	5.56	6.94
5540	5.56	6.94
5550	5.56	6.94
5560	5.56	6.94
5570	5.55	6.94
5580	5.55	6.94
5590	5.55	6.94
5590	5.54	6.94
5600	5.54	6.94
5610	5.54	6.94
5620	5.53	6.94
5630	5.53	6.94
5640	5.53	6.94
5650	5.52	6.94
5660	5.52	6.94
5670	5.52	6.94
5680	5.52	6.94
5680	5.51	6.94
5690	5.51	6.94
5700	5.51	6.94
5710	5.5	6.94
5720	5.5	6.93
5730	5.5	6.93
5740	5.49	6.93
5750	5.49	6.93
5760	5.49	6.93
5770	5.49	6.93
5770	5.48	6.93
5780	5.48	6.93
5790	5.48	6.93
5800	5.48	6.93
5810	5.47	6.93
5820	5.47	6.93
5830	5.47	6.93
5840	5.47	6.93
5850	5.46	6.93
5860	5.46	6.93
5860	5.46	6.93
5870	5.45	6.93
5880	5.45	6.93
5890	5.45	6.93
5900	5.45	6.93
5910	5.45	6.93
5920	5.44	6.93
5930	5.44	6.93
5940	5.44	6.93
5950	5.44	6.93
5950	5.43	6.93
5960	5.43	6.93
5970	5.43	6.93
5980	5.43	6.93
5990	5.42	6.93
6000	5.42	6.93
6010	5.42	6.93
6020	5.42	6.93
6030	5.41	6.93
6040	5.41	6.93
6050	5.41	6.93
6050	5.41	6.93
6060	5.41	6.93
6070	5.4	6.93
6080	5.4	6.93
6090	5.4	6.93
6100	5.4	6.93
6110	5.39	6.93
6120	5.39	6.93
6130	5.39	6.93
6140	5.39	6.93
6140	5.39	6.93
6150	5.38	6.93
6160	5.38	6.93
6170	5.38	6.93
6180	5.38	6.93
6190	5.38	6.93
6200	5.37	6.93
6210	5.37	6.93
6220	5.37	6.93
6230	5.37	6.93
6230	5.37	6.93
6240	5.36	6.93
6250	5.36	6.93
6260	5.36	6.93
6270	5.36	6.93
6280	5.36	6.93
6290	5.36	6.93
6300	5.35	6.93
6310	5.35	6.94
6320	5.35	6.94
6320	5.35	6.94
6330	5.35	6.94
6340	5.34	6.94
6350	5.34	6.94
6360	5.34	6.94
6370	5.34	6.94
6380	5.34	6.94
6390	5.34	6.94
6400	5.33	6.94
6410	5.33	6.94
6410	5.33	6.94
6420	5.33	6.94
6430	5.33	6.94
6440	5.33	6.94
6450	5.32	6.94
6460	5.32	6.94
6470	5.32	6.94
6480	5.32	6.94
6490	5.32	6.94
6500	5.32	6.94
6500	5.31	6.94
6510	5.31	6.94
6520	5.31	6.94
6530	5.31	6.94
6540	5.31	6.94
6550	5.31	6.94
6560	5.31	6.94
6570	5.3	6.95
6580	5.3	6.95
6590	5.3	6.95
6590	5.3	6.95
6600	5.3	6.95
6610	5.3	6.95
6620	5.3	6.95
6630	5.29	6.95
6640	5.29	6.95
6650	5.29	6.95
6660	5.29	6.95
6670	5.29	6.95
6680	5.29	6.95
6680	5.29	6.95
6690	5.28	6.95
6700	5.28	6.95
6710	5.28	6.95
6720	5.28	6.95
6730	5.28	6.95
6740	5.28	6.95
6750	5.28	6.95
6760	5.27	6.96
6770	5.27	6.96
6770	5.27	6.96
6780	5.27	6.96
6790	5.27	6.96
6800	5.27	6.96
6810	5.27	6.96
6820	5.27	6.96
6830	5.26	6.96
6840	5.26	6.96
6850	5.26	6.96
6860	5.26	6.96
6860	5.26	6.96
6870	5.26	6.96
6880	5.26	6.96
6890	5.26	6.96
6900	5.25	6.96
6910	5.25	6.96
6920	5.25	6.96
6930	5.25	6.97
6940	5.25	6.97
6950	5.25	6.97
6950	5.25	6.97
6960	5.25	6.97
6970	5.25	6.97
6980	5.24	6.97
6990	5.24	6.97
7000	5.24	6.97
7010	5.24	6.97
7020	5.24	6.97
7030	5.24	6.97
7040	5.24	6.97
7050	5.24	6.97
7050	5.24	6.97
7060	5.23	6.97
7070	5.23	6.97
7080	5.23	6.98
7090	5.23	6.98
7100	5.23	6.98
7110	5.23	6.98
7120	5.23	6.98
7130	5.23	6.98
7140	5.23	6.98
7140	5.23	6.98
7150	5.22	6.98
7160	5.22	6.98
7170	5.22	6.98
7180	5.22	6.98
7190	5.22	6.98
7200	5.22	6.98
7210	5.22	6.98
7220	5.22	6.98
7230	5.22	6.99
7230	5.22	6.99
7240	5.22	6.99
7250	5.21	6.99
7260	5.21	6.99
7270	5.21	6.99
7280	5.21	6.99
7290	5.21	6.99
7300	5.21	6.99
7310	5.21	6.99
7320	5.21	6.99
7320	5.21	6.99
7330	5.21	6.99
7340	5.21	6.99
7350	5.2	6.99
7360	5.2	6.99
7370	5.2	7
7380	5.2	7
7390	5.2	7
7400	5.2	7
7410	5.2	7
7410	5.2	7
7420	5.2	7
7430	5.2	7
7440	5.2	7
7450	5.2	7
7460	5.19	7
7470	5.19	7
7480	5.19	7
7490	5.19	7
7500	5.19	7
7500	5.19	7.01
7510	5.19	7.01
7520	5.19	7.01
7530	5.19	7.01
7540	5.19	7.01
7550	5.19	7.01
7560	5.19	7.01
7570	5.19	7.01
7580	5.18	7.01
7590	5.18	7.01
7590	5.18	7.01
7600	5.18	7.01
7610	5.18	7.01
7620	5.18	7.01
7630	5.18	7.01
7640	5.18	7.02
7650	5.18	7.02
7660	5.18	7.02
7670	5.18	7.02
7680	5.18	7.02
7680	5.18	7.02
7690	5.18	7.02
7700	5.17	7.02
7710	5.17	7.02
7720	5.17	7.02
7730	5.17	7.02
7740	5.17	7.02
7750	5.17	7.02
7760	5.17	7.02
7770	5.17	7.02
7770	5.17	7.03
7780	5.17	7.03
7790	5.17	7.03
7800	5.17	7.03
7810	5.17	7.03
7820	5.17	7.03
7830	5.17	7.03
7840	5.16	7.03
7850	5.16	7.03
7860	5.16	7.03
7860	5.16	7.03
7870	5.16	7.03
7880	5.16	7.03
7890	5.16	7.03
7900	5.16	7.04
7910	5.16	7.04
7920	5.16	7.04
7930	5.16	7.04
7940	5.16	7.04
7950	5.16	7.04
7950	5.16	7.04
7960	5.16	7.04
7970	5.16	7.04
7980	5.16	7.04
7990	5.15	7.04
8000	5.15	7.04
8010	5.15	7.04
8020	5.15	7.04
8030	5.15	7.04
8040	5.15	7.05
8050	5.15	7.05
8050	5.15	7.05
8060	5.15	7.05
8070	5.15	7.05
8080	5.15	7.05
8090	5.15	7.05
8100	5.15	7.05
8110	5.15	7.05
8120	5.15	7.05
8130	5.15	7.05
8140	5.15	7.05
8140	5.15	7.05
8150	5.14	7.05
8160	5.14	7.05
8170	5.14	7.06
8180	5.14	7.06
8190	5.14	7.06
8200	5.14	7.06
8210	5.14	7.06
8220	5.14	7.06
8230	5.14	7.06
8230	5.14	7.06
8240	5.14	7.06
8250	5.14	7.06
8260	5.14	7.06
8270	5.14	7.06
8280	5.14	7.06
8290	5.14	7.06
8300	5.14	7.07
8310	5.14	7.07
8320	5.14	7.07
8320	5.14	7.07
8330	5.13	7.07
8340	5.13	7.07
8350	5.13	7.07
8360	5.13	7.07
8370	5.13	7.07
8380	5.13	7.07
8390	5.13	7.07
8400	5.13	7.07
8410	5.13	7.07
8410	5.13	7.07
8420	5.13	7.07
8430	5.13	7.08
8440	5.13	7.08
8450	5.13	7.08
8460	5.13	7.08
8470	5.13	7.08
8480	5.13	7.08
8490	5.13	7.08
8500	5.13	7.08
8500	5.13	7.08
8510	5.13	7.08
8520	5.13	7.08
8530	5.13	7.08
8540	5.12	7.08
8550	5.12	7.08
8560	5.12	7.08
8570	5.12	7.09
8580	5.12	7.09
8590	5.12	7.09
8590	5.12	7.09
8600	5.12	7.09
8610	5.12	7.09
8620	5.12	7.09
8630	5.12	7.09
8640	5.12	7.09
8650	5.12	7.09
8660	5.12	7.09
8670	5.12	7.09
8680	5.12	7.09
8680	5.12	7.09
8690	5.12	7.09
8700	5.12	7.1
8710	5.12	7.1
8720	5.12	7.1
8730	5.12	7.1
8740	5.12	7.1
8750	5.12	7.1
8760	5.12	7.1
8770	5.12	7.1
8770	5.11	7.1
8780	5.11	7.1
8790	5.11	7.1
8800	5.11	7.1
8810	5.11	7.1
8820	5.11	7.1
8830	5.11	7.1
8840	5.11	7.11
8850	5.11	7.11
8860	5.11	7.11
8860	5.11	7.11
8870	5.11	7.11
8880	5.11	7.11
8890	5.11	7.11
8900	5.11	7.11
8910	5.11	7.11
8920	5.11	7.11
8930	5.11	7.11
8940	5.11	7.11
8950	5.11	7.11
8950	5.11	7.11
8960	5.11	7.11
8970	5.11	7.12
8980	5.11	7.12
8990	5.11	7.12
9000	5.11	7.12