"[A*] dc 0.4 nu0.15"	"[B*] dc 0.4 nu0.15"	"[A*] dc 0.4 nu0.15 t4350"	"[B*] dc 0.4 nu0.15 t4350"	"[A*] dc 0.5 nu0.15"	"[B*] dc 0.5 nu0.15"	"[A*] dc 0.75 nu0.15"	"[B*] dc 0.75 nu0.15"
0	0	0	0	0	0	0	0
0.000892	8.49e-033	0.000892	8.49e-033	0.00105	9.62e-033	0.00136	1.24e-032
0.00299	1.38e-032	0.00299	1.38e-032	0.00322	1.13e-032	0.00496	2.57e-032
0.00604	1.94e-032	0.00604	1.94e-032	0.00589	1.75e-032	0.0105	3.71e-032
0.0101	2.95e-032	0.0101	2.95e-032	0.00891	2.31e-032	0.0181	5.84e-032
0.015	3.56e-032	0.015	3.56e-032	0.0126	2.44e-032	0.028	8.48e-032
0.0206	4.23e-032	0.0206	4.23e-032	0.0168	3.4e-032	0.0395	1.07e-031
0.026	4.21e-032	0.026	4.21e-032	0.0219	4.07e-032	0.0522	1.45e-031
0.0308	4.2e-032	0.0308	4.2e-032	0.0272	5.09e-032	0.0664	2.11e-031
0.0352	4.19e-032	0.0352	4.19e-032	0.0334	6.64e-032	0.0823	2.87e-031
0.0392	4.18e-032	0.0392	4.18e-032	0.0407	8.99e-032	0.099	4.04e-031
0.0428	4.16e-032	0.0428	4.16e-032	0.0488	1.07e-031	0.117	6.27e-031
0.0468	6.24e-032	0.0468	6.24e-032	0.0576	1.36e-031	0.136	9.84e-031
0.0517	8.45e-032	0.0517	8.45e-032	0.0672	1.78e-031	0.157	1.57e-030
0.0568	8.42e-032	0.0568	8.42e-032	0.0774	2.11e-031	0.178	2.57e-030
0.0615	9.77e-032	0.0615	9.77e-032	0.0881	2.77e-031	0.201	4.31e-030
0.0669	1.27e-031	0.0669	1.27e-031	0.0994	3.62e-031	0.225	7.43e-030
0.073	1.52e-031	0.073	1.52e-031	0.111	4.37e-031	0.249	1.31e-029
0.0796	2.05e-031	0.0796	2.05e-031	0.122	4.35e-031	0.274	2.37e-029
0.087	2.47e-031	0.087	2.47e-031	0.133	6.27e-031	0.3	4.02e-029
0.0948	2.91e-031	0.0948	2.91e-031	0.145	9.13e-031	0.326	7.83e-029
0.103	3.9e-031	0.103	3.9e-031	0.158	1.57e-030	0.352	1.52e-028
0.112	4.58e-031	0.112	4.58e-031	0.172	2.31e-030	0.379	2.95e-028
0.12	4.74e-031	0.12	4.74e-031	0.188	3.43e-030	0.407	5.81e-028
0.129	6.55e-031	0.129	6.55e-031	0.204	4.7e-030	0.435	1.15e-027
0.138	7.79e-031	0.138	7.79e-031	0.221	5.98e-030	0.463	2.31e-027
0.147	7.76e-031	0.147	7.76e-031	0.237	8.09e-030	0.492	4.67e-027
0.155	9.77e-031	0.155	9.77e-031	0.253	1.25e-029	0.521	9.51e-027
0.163	1.21e-030	0.163	1.21e-030	0.269	1.64e-029	0.55	1.7e-026
0.172	1.64e-030	0.172	1.64e-030	0.285	2.42e-029	0.578	3.12e-026
0.181	2.2e-030	0.181	2.2e-030	0.302	3.83e-029	0.606	6.48e-026
0.19	2.19e-030	0.19	2.19e-030	0.318	5.11e-029	0.634	1.23e-025
0.199	2.18e-030	0.199	2.18e-030	0.334	7.94e-029	0.661	2.76e-025
0.206	3.27e-030	0.206	3.27e-030	0.35	9.17e-029	0.688	5.4e-025
0.216	4.92e-030	0.216	4.92e-030	0.364	9.12e-029	0.715	9.59e-025
0.225	6.82e-030	0.225	6.82e-030	0.377	9.08e-029	0.742	1.91e-024
0.235	8.59e-030	0.235	8.59e-030	0.389	1.76e-028	0.768	4.31e-024
0.246	1.03e-029	0.246	1.03e-029	0.401	2.82e-028	0.795	7.9e-024
0.256	1.47e-029	0.256	1.47e-029	0.414	5.32e-028	0.822	1.53e-023
0.267	1.82e-029	0.267	1.82e-029	0.427	7.98e-028	0.849	3.02e-023
0.278	2.26e-029	0.278	2.26e-029	0.44	1.1e-027	0.875	6.51e-023
0.289	3.26e-029	0.289	3.26e-029	0.454	2.17e-027	0.903	1.34e-022
0.301	4.95e-029	0.301	4.95e-029	0.469	2.85e-027	0.93	2.47e-022
0.314	6.15e-029	0.314	6.15e-029	0.484	4.73e-027	0.957	5.14e-022
0.327	8.45e-029	0.327	8.45e-029	0.5	6.81e-027	0.985	1.05e-021
0.339	1.03e-028	0.339	1.03e-028	0.516	8.78e-027	1.01	2.12e-021
0.352	1.37e-028	0.352	1.37e-028	0.532	1.23e-026	1.04	4.29e-021
0.364	1.55e-028	0.364	1.55e-028	0.547	1.92e-026	1.07	8.73e-021
0.375	1.54e-028	0.375	1.54e-028	0.564	3.04e-026	1.1	1.78e-020
0.386	2.47e-028	0.386	2.47e-028	0.581	5.33e-026	1.13	3.23e-020
0.397	3.63e-028	0.397	3.63e-028	0.6	9.22e-026	1.16	7.04e-020
0.409	4.66e-028	0.409	4.66e-028	0.62	1.32e-025	1.18	1.49e-019
0.42	6.98e-028	0.42	6.98e-028	0.639	1.65e-025	1.21	3.1e-019
0.431	7.48e-028	0.431	7.48e-028	0.657	2.31e-025	1.24	6.44e-019
0.442	9.83e-028	0.442	9.83e-028	0.674	2.3e-025	1.27	1.19e-018
0.452	1.27e-027	0.452	1.27e-027	0.69	3.55e-025	1.3	2.31e-018
0.462	1.69e-027	0.462	1.69e-027	0.705	5.78e-025	1.33	5.24e-018
0.472	1.72e-027	0.472	1.72e-027	0.72	8.91e-025	1.36	9.78e-018
0.481	2.97e-027	0.481	2.97e-027	0.735	1.65e-024	1.39	1.95e-017
0.491	3.87e-027	0.491	3.87e-027	0.751	2.46e-024	1.41	3.99e-017
0.501	4.9e-027	0.501	4.9e-027	0.766	3.54e-024	1.44	7.03e-017
0.511	6.39e-027	0.511	6.39e-027	0.781	5.9e-024	1.47	1.65e-016
0.52	8.15e-027	0.52	8.15e-027	0.796	9.54e-024	1.49	3.2e-016
0.53	1.03e-026	0.53	1.03e-026	0.813	1.77e-023	1.52	6.81e-016
0.539	1.02e-026	0.539	1.02e-026	0.83	2.56e-023	1.55	1.39e-015
0.548	1.02e-026	0.548	1.02e-026	0.847	3.29e-023	1.58	2.8e-015
0.555	1.01e-026	0.555	1.01e-026	0.863	3.75e-023	1.6	5.62e-015
0.561	1.01e-026	0.561	1.01e-026	0.878	6.5e-023	1.63	1.13e-014
0.567	1e-026	0.567	1e-026	0.895	1.08e-022	1.66	2.11e-014
0.572	9.99e-027	0.572	9.99e-027	0.911	1.07e-022	1.69	3.79e-014
0.577	9.95e-027	0.577	9.95e-027	0.925	1.07e-022	1.72	7.53e-014
0.581	9.9e-027	0.581	9.9e-027	0.938	1.77e-022	1.74	1.34e-013
0.585	9.86e-027	0.585	9.86e-027	0.951	4.38e-022	1.77	2.66e-013
0.588	9.81e-027	0.588	9.81e-027	0.967	8.27e-022	1.79	5.38e-013
0.591	9.77e-027	0.591	9.77e-027	0.983	1.16e-021	1.82	1.02e-012
0.593	9.72e-027	0.593	9.72e-027	1	1.44e-021	1.84	1.97e-012
0.595	9.68e-027	0.595	9.68e-027	1.01	1.44e-021	1.87	4.22e-012
0.597	9.64e-027	0.597	9.64e-027	1.03	2.19e-021	1.9	8.51e-012
0.599	2.36e-026	0.599	2.36e-026	1.04	3.86e-021	1.92	1.51e-011
0.601	2.34e-026	0.601	2.34e-026	1.06	6.86e-021	1.95	3.09e-011
0.603	2.33e-026	0.603	2.33e-026	1.07	9.33e-021	1.97	5.43e-011
0.604	2.32e-026	0.604	2.32e-026	1.09	1.14e-020	2	1.01e-010
0.606	2.31e-026	0.606	2.31e-026	1.1	1.9e-020	2.03	1.87e-010
0.607	2.3e-026	0.607	2.3e-026	1.12	3.61e-020	2.05	3.27e-010
0.608	2.29e-026	0.608	2.29e-026	1.14	6.18e-020	2.08	6.41e-010
0.609	2.28e-026	0.609	2.28e-026	1.15	8.91e-020	2.1	1.36e-009
0.61	5.09e-026	0.61	5.09e-026	1.17	1.1e-019	2.13	2.7e-009
0.612	5.93e-026	0.612	5.93e-026	1.19	1.55e-019	2.15	5.22e-009
0.614	5.9e-026	0.614	5.9e-026	1.21	3.04e-019	2.18	1e-008
0.617	9.44e-026	0.617	9.44e-026	1.22	4.46e-019	2.2	1.93e-008
0.62	1.24e-025	0.62	1.24e-025	1.24	6.45e-019	2.23	3.73e-008
0.624	1.49e-025	0.624	1.49e-025	1.26	8.5e-019	2.26	7.25e-008
0.629	1.99e-025	0.629	1.99e-025	1.28	1.38e-018	2.28	1.41e-007
0.635	2.37e-025	0.635	2.37e-025	1.29	2.06e-018	2.31	2.77e-007
0.641	2.75e-025	0.641	2.75e-025	1.31	2.84e-018	2.34	5.45e-007
0.648	3.57e-025	0.648	3.57e-025	1.33	5.99e-018	2.37	0.00000107
0.656	4.88e-025	0.656	4.88e-025	1.34	8.24e-018	2.39	0.00000195
0.665	5.49e-025	0.665	5.49e-025	1.36	1.14e-017	2.42	0.00000403
0.673	5.47e-025	0.673	5.47e-025	1.38	1.86e-017	2.45	0.00000813
0.681	5.44e-025	0.681	5.44e-025	1.4	2.59e-017	2.48	0.000016
0.688	7.01e-025	0.688	7.01e-025	1.41	3.8e-017	2.5	0.0000302
0.696	9.4e-025	0.696	9.4e-025	1.43	6.29e-017	2.53	0.000062
0.704	1.11e-024	0.704	1.11e-024	1.44	1.05e-016	2.56	0.000109
0.712	1.31e-024	0.712	1.31e-024	1.46	1.86e-016	2.58	0.000193
0.72	1.31e-024	0.72	1.31e-024	1.48	2.76e-016	2.61	0.000426
0.728	1.62e-024	0.728	1.62e-024	1.5	4.95e-016	2.63	0.000872
0.735	1.87e-024	0.735	1.87e-024	1.52	8.48e-016	2.66	0.00173
0.742	2.51e-024	0.742	2.51e-024	1.54	1.18e-015	2.69	0.0031
0.75	3.05e-024	0.75	3.05e-024	1.56	1.51e-015	2.71	0.00632
0.758	4.22e-024	0.758	4.22e-024	1.58	2.39e-015	2.74	0.0112
0.767	5.27e-024	0.767	5.27e-024	1.59	4.81e-015	2.77	0.0231
0.775	6.27e-024	0.775	6.27e-024	1.61	8.76e-015	2.79	0.0371
0.784	8.69e-024	0.784	8.69e-024	1.63	1.28e-014	2.82	0.0713
0.794	1.05e-023	0.794	1.05e-023	1.65	1.81e-014	2.84	0.137
0.803	1.28e-023	0.803	1.28e-023	1.67	2.52e-014	2.87	0.228
0.813	1.78e-023	0.813	1.78e-023	1.69	4.32e-014	2.89	0.438
0.823	1.77e-023	0.823	1.77e-023	1.71	6.35e-014	2.91	0.817
0.831	1.76e-023	0.831	1.76e-023	1.73	9.5e-014	2.94	1.32
0.839	1.75e-023	0.839	1.75e-023	1.75	1.66e-013	2.96	2.34
0.846	1.74e-023	0.846	1.74e-023	1.76	2.81e-013	2.98	3.76
0.852	1.74e-023	0.852	1.74e-023	1.78	4.02e-013	3	5.29
0.857	1.73e-023	0.857	1.73e-023	1.8	5.71e-013	3.02	7.1
0.862	1.72e-023	0.862	1.72e-023	1.81	7.98e-013	3.03	8.47
0.866	1.71e-023	0.866	1.71e-023	1.83	1.27e-012	3.05	9.52
0.87	1.71e-023	0.87	1.71e-023	1.85	2.06e-012	3.06	10.4
0.873	1.7e-023	0.873	1.7e-023	1.86	2.79e-012	3.07	11
0.876	1.69e-023	0.876	1.69e-023	1.88	5.55e-012	3.08	11.4
0.878	1.68e-023	0.878	1.68e-023	1.89	9.44e-012	3.09	11.9
0.88	1.68e-023	0.88	1.68e-023	1.91	1.18e-011	3.09	12.2
0.881	1.67e-023	0.881	1.67e-023	1.93	1.46e-011	3.1	12.3
0.883	1.66e-023	0.883	1.66e-023	1.94	2.2e-011	3.1	12.5
0.884	3.5e-023	0.884	3.5e-023	1.96	3.01e-011	3.11	12.5
0.887	6.95e-023	0.887	6.95e-023	1.97	4.95e-011	3.11	12.6
0.891	9.03e-023	0.891	9.03e-023	1.99	7.04e-011	3.11	12.7
0.895	1.16e-022	0.895	1.16e-022	2	9.76e-011	3.11	12.7
0.9	1.6e-022	0.9	1.6e-022	2.01	1.56e-010	3.11	12.8
0.905	1.59e-022	0.905	1.59e-022	2.03	2.12e-010	3.11	12.9
0.91	2.01e-022	0.91	2.01e-022	2.04	3e-010	3.11	12.9
0.916	2.61e-022	0.916	2.61e-022	2.06	4.72e-010	3.11	13
0.922	2.6e-022	0.922	2.6e-022	2.07	7.27e-010	3.11	13
0.928	3.31e-022	0.928	3.31e-022	2.09	1.06e-009	3.11	13
0.934	3.58e-022	0.934	3.58e-022	2.1	1.57e-009	3.11	13.1
0.94	3.56e-022	0.94	3.56e-022	2.12	2.35e-009	3.1	13.1
0.945	3.54e-022	0.945	3.54e-022	2.13	3.29e-009	3.1	13.2
0.949	3.53e-022	0.949	3.53e-022	2.15	3.69e-009	3.1	13.2
0.953	3.51e-022	0.953	3.51e-022	2.16	5.01e-009	3.1	13.3
0.956	3.5e-022	0.956	3.5e-022	2.17	7.99e-009	3.09	13.3
0.96	4.62e-022	0.96	4.62e-022	2.19	1.27e-008	3.09	13.4
0.964	7.7e-022	0.964	7.7e-022	2.2	2.3e-008	3.09	13.4
0.97	1.03e-021	0.97	1.03e-021	2.22	2.79e-008	3.08	13.5
0.976	1.21e-021	0.976	1.21e-021	2.23	2.78e-008	3.08	13.5
0.983	1.39e-021	0.983	1.39e-021	2.24	2.9e-008	3.07	13.5
0.99	1.63e-021	0.99	1.63e-021	2.26	5.5e-008	3.07	13.6
0.997	1.9e-021	0.997	1.9e-021	2.27	7.96e-008	3.07	13.6
1	2.29e-021	1	2.29e-021	2.28	1.13e-007	3.06	13.7
1.01	2.96e-021	1.01	2.96e-021	2.29	1.77e-007	3.06	13.7
1.02	2.95e-021	1.02	2.95e-021	2.31	2.8e-007	3.05	13.8
1.03	3.18e-021	1.03	3.18e-021	2.32	3.73e-007	3.05	13.8
1.03	4.25e-021	1.03	4.25e-021	2.33	5.42e-007	3.04	13.9
1.04	5.04e-021	1.04	5.04e-021	2.35	6.81e-007	3.04	13.9
1.05	6.53e-021	1.05	6.53e-021	2.36	7.71e-007	3.04	13.9
1.06	8.26e-021	1.06	8.26e-021	2.37	0.00000118	3.03	14
1.07	9.69e-021	1.07	9.69e-021	2.38	0.00000152	3.03	14
1.07	1.27e-020	1.07	1.27e-020	2.39	0.00000273	3.02	14
1.08	1.57e-020	1.08	1.57e-020	2.41	0.00000298	3.02	14.1
1.09	1.84e-020	1.09	1.84e-020	2.42	0.00000385	3.01	14.1
1.1	2.49e-020	1.1	2.49e-020	2.43	0.0000058	3.01	14.1
1.11	3.03e-020	1.11	3.03e-020	2.44	0.000008	3	14.2
1.12	3.63e-020	1.12	3.63e-020	2.45	0.00000809	3	14.2
1.13	5.02e-020	1.13	5.02e-020	2.47	0.000013	2.99	14.2
1.14	6.03e-020	1.14	6.03e-020	2.48	0.0000213	2.99	14.3
1.15	7.46e-020	1.15	7.46e-020	2.49	0.0000263	2.98	14.3
1.16	1.03e-019	1.16	1.03e-019	2.5	0.0000328	2.98	14.3
1.17	1.24e-019	1.17	1.24e-019	2.51	0.0000338	2.97	14.3
1.18	1.58e-019	1.18	1.58e-019	2.52	0.0000337	2.97	14.4
1.19	2.16e-019	1.19	2.16e-019	2.53	0.000049	2.96	14.4
1.2	2.6e-019	1.2	2.6e-019	2.54	0.000068	2.96	14.4
1.21	3.45e-019	1.21	3.45e-019	2.55	0.0000992	2.95	14.4
1.22	4.61e-019	1.22	4.61e-019	2.56	0.000146	2.95	14.4
1.23	4.59e-019	1.23	4.59e-019	2.57	0.000145	2.95	14.4
1.24	6.61e-019	1.24	6.61e-019	2.57	0.000212	2.94	14.4
1.25	8.88e-019	1.25	8.88e-019	2.58	0.000237	2.94	14.4
1.26	1.09e-018	1.26	1.09e-018	2.59	0.000306	2.93	14.4
1.27	1.56e-018	1.27	1.56e-018	2.6	0.00044	2.93	14.4
1.28	1.63e-018	1.28	1.63e-018	2.61	0.000694	2.92	14.4
1.29	2.05e-018	1.29	2.05e-018	2.62	0.000827	2.92	14.4
1.3	3.09e-018	1.3	3.09e-018	2.63	0.00113	2.91	14.3
1.31	3.16e-018	1.31	3.16e-018	2.64	0.00118	2.91	14.3
1.32	3.15e-018	1.32	3.15e-018	2.65	0.0015	2.9	14.3
1.33	3.13e-018	1.33	3.13e-018	2.66	0.00214	2.9	14.3
1.33	3.12e-018	1.33	3.12e-018	2.67	0.00272	2.89	14.2
1.34	3.1e-018	1.34	3.1e-018	2.68	0.00286	2.89	14.2
1.35	3.09e-018	1.35	3.09e-018	2.69	0.00419	2.88	14.2
1.35	3.08e-018	1.35	3.08e-018	2.7	0.00526	2.88	14.2
1.35	3.06e-018	1.35	3.06e-018	2.71	0.00691	2.87	14.1
1.36	3.05e-018	1.36	3.05e-018	2.72	0.00788	2.87	14.1
1.36	3.03e-018	1.36	3.03e-018	2.73	0.00785	2.86	14.1
1.36	3.02e-018	1.36	3.02e-018	2.74	0.0114	2.86	14
1.36	3.01e-018	1.36	3.01e-018	2.74	0.0163	2.85	14
1.36	2.99e-018	1.36	2.99e-018	2.75	0.02	2.85	13.9
1.36	2.98e-018	1.36	2.98e-018	2.76	0.02	2.84	13.9
1.37	2.97e-018	1.37	2.97e-018	2.77	0.0259	2.84	13.9
1.37	2.95e-018	1.37	2.95e-018	2.78	0.0327	2.84	13.8
1.37	2.94e-018	1.37	2.94e-018	2.78	0.0406	2.83	13.8
1.37	5.96e-018	1.37	5.96e-018	2.79	0.0404	2.83	13.7
1.37	9.21e-018	1.37	9.21e-018	2.8	0.0402	2.82	13.7
1.37	1.52e-017	1.37	1.52e-017	2.8	0.0401	2.82	13.6
1.37	1.88e-017	1.37	1.88e-017	2.81	0.0556	2.81	13.6
1.38	2.32e-017	1.38	2.32e-017	2.81	0.0753	2.81	13.5
1.38	3.05e-017	1.38	3.05e-017	2.82	0.109	2.8	13.5
1.39	3.51e-017	1.39	3.51e-017	2.82	0.135	2.8	13.4
1.39	4.2e-017	1.39	4.2e-017	2.83	0.142	2.79	13.4
1.4	4.56e-017	1.4	4.56e-017	2.84	0.194	2.79	13.3
1.4	4.54e-017	1.4	4.54e-017	2.84	0.231	2.78	13.3
1.41	5.29e-017	1.41	5.29e-017	2.85	0.289	2.78	13.2
1.41	5.27e-017	1.41	5.27e-017	2.86	0.318	2.77	13.2
1.42	6.25e-017	1.42	6.25e-017	2.86	0.378	2.77	13.1
1.42	8.05e-017	1.42	8.05e-017	2.87	0.484	2.77	13.1
1.43	9.84e-017	1.43	9.84e-017	2.88	0.614	2.76	13
1.43	1.13e-016	1.43	1.13e-016	2.89	0.611	2.76	13
1.44	1.43e-016	1.44	1.43e-016	2.89	0.807	2.75	12.9
1.45	1.69e-016	1.45	1.69e-016	2.9	1.01	2.75	12.9
1.45	1.68e-016	1.45	1.68e-016	2.91	1.01	2.74	12.8
1.46	2.22e-016	1.46	2.22e-016	2.92	1.2	2.74	12.8
1.47	2.61e-016	1.47	2.61e-016	2.92	1.45	2.73	12.8
1.47	3.07e-016	1.47	3.07e-016	2.93	1.76	2.73	12.7
1.48	4.01e-016	1.48	4.01e-016	2.94	2.3	2.72	12.7
1.49	4.62e-016	1.49	4.62e-016	2.94	2.36	2.72	12.6
1.5	6.74e-016	1.5	6.74e-016	2.95	2.88	2.72	12.6
1.51	8.39e-016	1.51	8.39e-016	2.96	3.7	2.71	12.5
1.52	9.6e-016	1.52	9.6e-016	2.96	3.75	2.71	12.5
1.53	9.56e-016	1.53	9.56e-016	2.97	4.49	2.7	12.4
1.54	9.52e-016	1.54	9.52e-016	2.97	4.87	2.7	12.4
1.54	9.47e-016	1.54	9.47e-016	2.98	5.45	2.69	12.3
1.55	9.43e-016	1.55	9.43e-016	2.98	5.7	2.69	12.3
1.56	9.39e-016	1.56	9.39e-016	2.98	6.57	2.68	12.2
1.56	9.35e-016	1.56	9.35e-016	2.98	6.55	2.68	12.2
1.56	9.3e-016	1.56	9.3e-016	2.98	7.06	2.67	12.1
1.57	9.26e-016	1.57	9.26e-016	2.98	7.53	2.67	12.1
1.57	9.22e-016	1.57	9.22e-016	2.98	7.95	2.67	12.1
1.57	9.18e-016	1.57	9.18e-016	2.98	8.19	2.66	12
1.57	9.14e-016	1.57	9.14e-016	2.98	8.68	2.66	12
1.58	9.1e-016	1.58	9.1e-016	2.98	8.65	2.65	11.9
1.58	9.06e-016	1.58	9.06e-016	2.98	8.61	2.65	11.9
1.58	9.01e-016	1.58	9.01e-016	2.97	8.91	2.64	11.8
1.58	1.02e-015	1.58	1.02e-015	2.97	8.88	2.64	11.8
1.58	1.5e-015	1.58	1.5e-015	2.97	8.84	2.63	11.8
1.58	1.49e-015	1.58	1.49e-015	2.97	9.08	2.63	11.7
1.58	1.48e-015	1.58	1.48e-015	2.96	9.29	2.63	11.7
1.58	1.48e-015	1.58	1.48e-015	2.96	9.26	2.62	11.6
1.58	1.47e-015	1.58	1.47e-015	2.96	9.43	2.62	11.6
1.58	1.46e-015	1.58	1.46e-015	2.95	9.64	2.61	11.5
1.58	1.46e-015	1.58	1.46e-015	2.95	9.86	2.61	11.5
1.58	2.06e-015	1.58	2.06e-015	2.95	9.82	2.6	11.5
1.58	2.43e-015	1.58	2.43e-015	2.94	9.98	2.6	11.4
1.58	3.28e-015	1.58	3.28e-015	2.94	10.1	2.6	11.4
1.58	3.9e-015	1.58	3.9e-015	2.93	10.2	2.59	11.3
1.58	4.54e-015	1.58	4.54e-015	2.93	10.3	2.59	11.3
1.59	4.52e-015	1.59	4.52e-015	2.93	10.4	2.58	11.3
1.59	5.25e-015	1.59	5.25e-015	2.92	10.4	2.58	11.2
1.59	6.73e-015	1.59	6.73e-015	2.92	10.5	2.57	11.2
1.59	7.7e-015	1.59	7.7e-015	2.91	10.5	2.57	11.1
1.6	8.75e-015	1.6	8.75e-015	2.91	10.5	2.57	11.1
1.6	1.08e-014	1.6	1.08e-014	2.9	10.5	2.56	11.1
1.61	1.07e-014	1.61	1.07e-014	2.9	10.6	2.56	11
1.61	1.24e-014	1.61	1.24e-014	2.89	10.6	2.55	11
1.62	1.35e-014	1.62	1.35e-014	2.89	10.6	2.55	11
1.62	1.34e-014	1.62	1.34e-014	2.89	10.5	2.54	10.9
1.63	1.62e-014	1.63	1.62e-014	2.88	10.6	2.54	10.9
1.63	1.99e-014	1.63	1.99e-014	2.88	10.6	2.54	10.8
1.64	2.24e-014	1.64	2.24e-014	2.87	10.6	2.53	10.8
1.65	2.71e-014	1.65	2.71e-014	2.87	10.6	2.53	10.8
1.65	3.23e-014	1.65	3.23e-014	2.86	10.5	2.52	10.7
1.66	3.64e-014	1.66	3.64e-014	2.86	10.5	2.52	10.7
1.67	4.49e-014	1.67	4.49e-014	2.85	10.5	2.51	10.7
1.67	5.3e-014	1.67	5.3e-014	2.85	10.5	2.51	10.6
1.68	6.02e-014	1.68	6.02e-014	2.84	10.5	2.51	10.6
1.69	5.99e-014	1.69	5.99e-014	2.84	10.4	2.5	10.6
1.7	7.07e-014	1.7	7.07e-014	2.84	10.4	2.5	10.5
1.7	8.38e-014	1.7	8.38e-014	2.83	10.4	2.49	10.5
1.71	1.12e-013	1.71	1.12e-013	2.83	10.4	2.49	10.5
1.72	1.31e-013	1.72	1.31e-013	2.82	10.3	2.49	10.4
1.73	1.31e-013	1.73	1.31e-013	2.82	10.3	2.48	10.4
1.73	1.3e-013	1.73	1.3e-013	2.81	10.3	2.48	10.4
1.74	1.29e-013	1.74	1.29e-013	2.81	10.2	2.47	10.3
1.74	1.29e-013	1.74	1.29e-013	2.8	10.2	2.47	10.3
1.75	1.28e-013	1.75	1.28e-013	2.8	10.2	2.47	10.3
1.75	1.28e-013	1.75	1.28e-013	2.79	10.1	2.46	10.2
1.75	1.27e-013	1.75	1.27e-013	2.79	10.1	2.46	10.2
1.75	1.27e-013	1.75	1.27e-013	2.78	10.1	2.45	10.2
1.75	1.26e-013	1.75	1.26e-013	2.78	10	2.45	10.1
1.76	1.25e-013	1.76	1.25e-013	2.78	9.99	2.44	10.1
1.76	1.25e-013	1.76	1.25e-013	2.77	9.96	2.44	10.1
1.76	1.24e-013	1.76	1.24e-013	2.77	9.93	2.44	10
1.76	1.24e-013	1.76	1.24e-013	2.76	9.89	2.43	10
1.76	1.23e-013	1.76	1.23e-013	2.76	9.86	2.43	9.99
1.76	1.23e-013	1.76	1.23e-013	2.75	9.82	2.42	9.96
1.76	1.22e-013	1.76	1.22e-013	2.75	9.79	2.42	9.93
1.76	1.22e-013	1.76	1.22e-013	2.74	9.75	2.42	9.9
1.76	1.72e-013	1.76	1.72e-013	2.74	9.72	2.41	9.87
1.76	2.22e-013	1.76	2.22e-013	2.73	9.69	2.41	9.84
1.76	2.72e-013	1.76	2.72e-013	2.73	9.66	2.4	9.81
1.76	3.37e-013	1.76	3.37e-013	2.72	9.62	2.4	9.78
1.76	4.32e-013	1.76	4.32e-013	2.72	9.59	2.4	9.75
1.76	4.89e-013	1.76	4.89e-013	2.72	9.56	2.39	9.73
1.77	5.77e-013	1.77	5.77e-013	2.71	9.53	2.39	9.7
1.77	6.89e-013	1.77	6.89e-013	2.71	9.5	2.38	9.67
1.78	7.67e-013	1.78	7.67e-013	2.7	9.46	2.38	9.64
1.78	9.04e-013	1.78	9.04e-013	2.7	9.43	2.38	9.62
1.79	1.05e-012	1.79	1.05e-012	2.69	9.4	2.37	9.59
1.79	1.17e-012	1.79	1.17e-012	2.69	9.37	2.37	9.56
1.8	1.41e-012	1.8	1.41e-012	2.68	9.34	2.36	9.53
1.81	1.63e-012	1.81	1.63e-012	2.68	9.3	2.36	9.51
1.81	1.83e-012	1.81	1.83e-012	2.68	9.27	2.36	9.48
1.82	1.82e-012	1.82	1.82e-012	2.67	9.24	2.35	9.45
1.83	1.81e-012	1.83	1.81e-012	2.67	9.21	2.35	9.43
1.83	2.15e-012	1.83	2.15e-012	2.66	9.18	2.34	9.4
1.84	2.85e-012	1.84	2.85e-012	2.66	9.15	2.34	9.38
1.85	3.31e-012	1.85	3.31e-012	2.65	9.12	2.34	9.35
1.85	3.92e-012	1.85	3.92e-012	2.65	9.09	2.33	9.33
1.86	5.02e-012	1.86	5.02e-012	2.64	9.06	2.33	9.3
1.87	5.75e-012	1.87	5.75e-012	2.64	9.03	2.33	9.28
1.87	6.91e-012	1.87	6.91e-012	2.64	9	2.32	9.25
1.88	8.69e-012	1.88	8.69e-012	2.63	8.97	2.32	9.23
1.89	9.98e-012	1.89	9.98e-012	2.63	8.95	2.31	9.2
1.9	1.48e-011	1.9	1.48e-011	2.62	8.92	2.31	9.18
1.91	1.87e-011	1.91	1.87e-011	2.62	8.89	2.31	9.15
1.92	2.4e-011	1.92	2.4e-011	2.61	8.86	2.3	9.13
1.93	2.39e-011	1.93	2.39e-011	2.61	8.83	2.3	9.11
1.94	2.38e-011	1.94	2.38e-011	2.61	8.8	2.29	9.08
1.95	2.37e-011	1.95	2.37e-011	2.6	8.78	2.29	9.06
1.95	2.88e-011	1.95	2.88e-011	2.6	8.75	2.29	9.04
1.96	3.84e-011	1.96	3.84e-011	2.59	8.72	2.28	9.01
1.97	4.73e-011	1.97	4.73e-011	2.59	8.69	2.28	8.99
1.97	6.79e-011	1.97	6.79e-011	2.58	8.67	2.28	8.97
1.98	1.02e-010	1.98	1.02e-010	2.58	8.64	2.27	8.94
1.99	1.48e-010	1.99	1.48e-010	2.57	8.62	2.27	8.92
2	1.89e-010	2	1.89e-010	2.57	8.59	2.26	8.9
2.01	2.17e-010	2.01	2.17e-010	2.57	8.56	2.26	8.88
2.02	3.23e-010	2.02	3.23e-010	2.56	8.54	2.26	8.86
2.04	4.08e-010	2.04	4.08e-010	2.56	8.51	2.25	8.83
2.05	4.74e-010	2.05	4.74e-010	2.55	8.49	2.25	8.81
2.06	5.96e-010	2.06	5.96e-010	2.55	8.46	2.25	8.79
2.07	6.55e-010	2.07	6.55e-010	2.55	8.44	2.24	8.77
2.08	8.06e-010	2.08	8.06e-010	2.54	8.41	2.24	8.75
2.09	1.1e-009	2.09	1.1e-009	2.54	8.39	2.23	8.73
2.1	1.47e-009	2.1	1.47e-009	2.53	8.36	2.23	8.71
2.11	1.47e-009	2.11	1.47e-009	2.53	8.34	2.23	8.68
2.12	2.14e-009	2.12	2.14e-009	2.52	8.31	2.22	8.66
2.13	2.29e-009	2.13	2.29e-009	2.52	8.29	2.22	8.64
2.14	2.28e-009	2.14	2.28e-009	2.52	8.27	2.22	8.62
2.14	2.27e-009	2.14	2.27e-009	2.51	8.24	2.21	8.6
2.15	2.26e-009	2.15	2.26e-009	2.51	8.22	2.21	8.58
2.15	2.25e-009	2.15	2.25e-009	2.5	8.2	2.2	8.56
2.16	2.24e-009	2.16	2.24e-009	2.5	8.17	2.2	8.54
2.16	2.23e-009	2.16	2.23e-009	2.49	8.15	2.2	8.52
2.16	2.49e-009	2.16	2.49e-009	2.49	8.13	2.19	8.5
2.17	5.08e-009	2.17	5.08e-009	2.49	8.1	2.19	8.48
2.17	6.64e-009	2.17	6.64e-009	2.48	8.08	2.19	8.47
2.17	8.91e-009	2.17	8.91e-009	2.48	8.06	2.18	8.45
2.18	1.21e-008	2.18	1.21e-008	2.47	8.04	2.18	8.43
2.18	1.21e-008	2.18	1.21e-008	2.47	8.02	2.18	8.41
2.19	1.56e-008	2.19	1.56e-008	2.47	7.99	2.17	8.39
2.2	2.4e-008	2.2	2.4e-008	2.46	7.97	2.17	8.37
2.2	2.72e-008	2.2	2.72e-008	2.46	7.95	2.16	8.35
2.21	3.95e-008	2.21	3.95e-008	2.45	7.93	2.16	8.33
2.22	4.62e-008	2.22	4.62e-008	2.45	7.91	2.16	8.32
2.23	5.2e-008	2.23	5.2e-008	2.45	7.89	2.15	8.3
2.24	5.78e-008	2.24	5.78e-008	2.44	7.87	2.15	8.28
2.24	6.92e-008	2.24	6.92e-008	2.44	7.85	2.15	8.26
2.25	7.99e-008	2.25	7.99e-008	2.43	7.83	2.14	8.24
2.26	9.23e-008	2.26	9.23e-008	2.43	7.81	2.14	8.23
2.27	9.38e-008	2.27	9.38e-008	2.42	7.79	2.14	8.21
2.27	9.61e-008	2.27	9.61e-008	2.42	7.77	2.13	8.19
2.28	1.38e-007	2.28	1.38e-007	2.42	7.75	2.13	8.17
2.29	1.65e-007	2.29	1.65e-007	2.41	7.73	2.13	8.16
2.29	1.73e-007	2.29	1.73e-007	2.41	7.71	2.12	8.14
2.3	2.41e-007	2.3	2.41e-007	2.4	7.69	2.12	8.12
2.31	3.39e-007	2.31	3.39e-007	2.4	7.67	2.11	8.11
2.31	4.1e-007	2.31	4.1e-007	2.4	7.65	2.11	8.09
2.32	4.44e-007	2.32	4.44e-007	2.39	7.63	2.11	8.07
2.33	4.42e-007	2.33	4.42e-007	2.39	7.61	2.1	8.06
2.33	4.4e-007	2.33	4.4e-007	2.38	7.59	2.1	8.04
2.34	4.38e-007	2.34	4.38e-007	2.38	7.58	2.1	8.02
2.34	5.52e-007	2.34	5.52e-007	2.38	7.56	2.09	8.01
2.35	9.71e-007	2.35	9.71e-007	2.37	7.54	2.09	7.99
2.36	0.00000117	2.36	0.00000117	2.37	7.52	2.09	7.98
2.36	0.00000135	2.36	0.00000135	2.37	7.5	2.08	7.96
2.37	0.00000208	2.37	0.00000208	2.36	7.49	2.08	7.95
2.38	0.00000212	2.38	0.00000212	2.36	7.47	2.08	7.93
2.39	0.00000211	2.39	0.00000211	2.35	7.45	2.07	7.91
2.39	0.00000249	2.39	0.00000249	2.35	7.43	2.07	7.9
2.4	0.00000297	2.4	0.00000297	2.35	7.42	2.07	7.88
2.41	0.00000361	2.41	0.00000361	2.34	7.4	2.06	7.87
2.41	0.00000476	2.41	0.00000476	2.34	7.38	2.06	7.85
2.42	0.00000552	2.42	0.00000552	2.33	7.37	2.06	7.84
2.43	0.00000673	2.43	0.00000673	2.33	7.35	2.05	7.82
2.44	0.00000883	2.44	0.00000883	2.33	7.33	2.05	7.81
2.44	0.0000118	2.44	0.0000118	2.32	7.32	2.05	7.79
2.45	0.0000143	2.45	0.0000143	2.32	7.3	2.04	7.78
2.46	0.0000175	2.46	0.0000175	2.31	7.28	2.04	7.77
2.47	0.0000201	2.47	0.0000201	2.31	7.27	2.04	7.75
2.48	0.0000223	2.48	0.0000223	2.31	7.25	2.03	7.74
2.49	0.0000236	2.49	0.0000236	2.3	7.24	2.03	7.72
2.49	0.0000235	2.49	0.0000235	2.3	7.22	2.03	7.71
2.5	0.0000336	2.5	0.0000336	2.3	7.2	2.02	7.7
2.51	0.000047	2.51	0.000047	2.29	7.19	2.02	7.68
2.52	0.0000619	2.52	0.0000619	2.29	7.17	2.01	7.67
2.53	0.0000812	2.53	0.0000812	2.28	7.16	2.01	7.65
2.53	0.0000956	2.53	0.0000956	2.28	7.14	2.01	7.64
2.54	0.000111	2.54	0.000111	2.28	7.13	2	7.63
2.55	0.000131	2.55	0.000131	2.27	7.11	2	7.61
2.56	0.000155	2.56	0.000155	2.27	7.1	2	7.6
2.57	0.000183	2.57	0.000183	2.26	7.08	1.99	7.59
2.57	0.000219	2.57	0.000219	2.26	7.07	1.99	7.57
2.58	0.000261	2.58	0.000261	2.26	7.05	1.99	7.56
2.59	0.000409	2.59	0.000409	2.25	7.04	1.98	7.55
2.6	0.000441	2.6	0.000441	2.25	7.03	1.98	7.54
2.6	0.000517	2.6	0.000517	2.25	7.01	1.98	7.52
2.61	0.000659	2.61	0.000659	2.24	7	1.98	7.51
2.62	0.000705	2.62	0.000705	2.24	6.98	1.97	7.5
2.63	0.000841	2.63	0.000841	2.23	6.97	1.97	7.48
2.64	0.00137	2.64	0.00137	2.23	6.96	1.97	7.47
2.64	0.00143	2.64	0.00143	2.23	6.94	1.96	7.46
2.65	0.00168	2.65	0.00168	2.22	6.93	1.96	7.45
2.66	0.00196	2.66	0.00196	2.22	6.92	1.96	7.44
2.67	0.00234	2.67	0.00234	2.22	6.9	1.95	7.42
2.68	0.0028	2.68	0.0028	2.21	6.89	1.95	7.41
2.68	0.00382	2.68	0.00382	2.21	6.88	1.95	7.4
2.69	0.00451	2.69	0.00451	2.21	6.86	1.94	7.39
2.7	0.00544	2.7	0.00544	2.2	6.85	1.94	7.38
2.71	0.00613	2.71	0.00613	2.2	6.84	1.94	7.36
2.71	0.00611	2.71	0.00611	2.19	6.82	1.93	7.35
2.72	0.00788	2.72	0.00788	2.19	6.81	1.93	7.34
2.73	0.0105	2.73	0.0105	2.19	6.8	1.93	7.33
2.73	0.0123	2.73	0.0123	2.18	6.79	1.92	7.32
2.74	0.0155	2.74	0.0155	2.18	6.77	1.92	7.31
2.75	0.0195	2.75	0.0195	2.18	6.76	1.92	7.3
2.75	0.0226	2.75	0.0226	2.17	6.75	1.91	7.28
2.76	0.0286	2.76	0.0286	2.17	6.74	1.91	7.27
2.77	0.0348	2.77	0.0348	2.17	6.73	1.91	7.26
2.78	0.0401	2.78	0.0401	2.16	6.71	1.9	7.25
2.78	0.0462	2.78	0.0462	2.16	6.7	1.9	7.24
2.79	0.0541	2.79	0.0541	2.15	6.69	1.9	7.23
2.8	0.0631	2.8	0.0631	2.15	6.68	1.89	7.22
2.8	0.0628	2.8	0.0628	2.15	6.67	1.89	7.21
2.81	0.0625	2.81	0.0756	2.14	6.66	1.89	7.2
2.81	0.0623	2.81	0.0918	2.14	6.65	1.89	7.19
2.82	0.062	2.82	0.123	2.14	6.63	1.88	7.18
2.82	0.0617	2.83	0.143	2.13	6.62	1.88	7.17
2.82	0.0614	2.83	0.172	2.13	6.61	1.88	7.16
2.82	0.0612	2.84	0.219	2.13	6.6	1.87	7.14
2.82	0.0609	2.85	0.25	2.12	6.59	1.87	7.13
2.82	0.0606	2.85	0.303	2.12	6.58	1.87	7.12
2.82	0.0603	2.86	0.327	2.12	6.57	1.86	7.11
2.82	0.0601	2.87	0.325	2.11	6.56	1.86	7.1
2.82	0.0598	2.87	0.324	2.11	6.55	1.86	7.09
2.82	0.0595	2.88	0.322	2.1	6.54	1.85	7.08
2.82	0.0593	2.88	0.321	2.1	6.53	1.85	7.07
2.82	0.059	2.88	0.319	2.1	6.52	1.85	7.07
2.81	0.0587	2.88	0.403	2.09	6.51	1.84	7.06
2.81	0.0585	2.89	0.489	2.09	6.49	1.84	7.05
2.81	0.0582	2.89	0.657	2.09	6.48	1.84	7.04
2.81	0.0579	2.89	0.775	2.08	6.47	1.84	7.03
2.8	0.0577	2.9	0.779	2.08	6.46	1.83	7.02
2.8	0.0574	2.9	0.884	2.08	6.45	1.83	7.01
2.8	0.0572	2.9	0.88	2.07	6.44	1.83	7
2.79	0.0569	2.9	0.876	2.07	6.44	1.82	6.99
2.79	0.0566	2.91	0.872	2.07	6.43	1.82	6.98
2.79	0.0564	2.91	0.868	2.06	6.42	1.82	6.97
2.78	0.0561	2.91	0.914	2.06	6.41	1.81	6.96
2.78	0.0559	2.91	1.01	2.06	6.4	1.81	6.95
2.78	0.0556	2.91	1.16	2.05	6.39	1.81	6.94
2.77	0.0554	2.91	1.38	2.05	6.38	1.81	6.94
2.77	0.0551	2.91	1.61	2.05	6.37	1.8	6.93
2.76	0.0549	2.91	1.77	2.04	6.36	1.8	6.92
2.76	0.0546	2.92	1.93	2.04	6.35	1.8	6.91
2.76	0.0544	2.92	1.92	2.04	6.34	1.79	6.9
2.75	0.0542	2.92	1.91	2.03	6.33	1.79	6.89
2.75	0.0539	2.92	1.9	2.03	6.32	1.79	6.88
2.74	0.0537	2.92	1.89	2.03	6.31	1.78	6.87
2.74	0.0534	2.92	1.88	2.02	6.31	1.78	6.87
2.73	0.0532	2.92	1.88	2.02	6.3	1.78	6.86
2.73	0.0529	2.92	1.87	2.02	6.29	1.78	6.85
2.73	0.0527	2.92	1.86	2.01	6.28	1.77	6.84
2.72	0.0525	2.92	1.85	2.01	6.27	1.77	6.83
2.72	0.0522	2.92	1.84	2.01	6.26	1.77	6.82
2.71	0.052	2.92	1.83	2	6.25	1.76	6.82
2.71	0.0518	2.91	1.83	2	6.25	1.76	6.81
2.7	0.0515	2.91	1.82	2	6.24	1.76	6.8
2.7	0.0513	2.91	1.81	1.99	6.23	1.75	6.79
2.7	0.0511	2.91	1.8	1.99	6.22	1.75	6.78
2.69	0.0508	2.9	1.79	1.99	6.21	1.75	6.78
2.69	0.0506	2.9	1.79	1.98	6.21	1.75	6.77
2.68	0.0504	2.9	1.78	1.98	6.2	1.74	6.76
2.68	0.0502	2.89	1.77	1.98	6.19	1.74	6.75
2.67	0.0499	2.89	1.76	1.97	6.18	1.74	6.74
2.67	0.0497	2.89	1.75	1.97	6.17	1.73	6.74
2.66	0.0495	2.88	1.75	1.97	6.17	1.73	6.73
2.66	0.0493	2.88	1.74	1.96	6.16	1.73	6.72
2.66	0.049	2.87	1.73	1.96	6.15	1.73	6.71
2.65	0.0488	2.87	1.72	1.96	6.14	1.72	6.71
2.65	0.0486	2.87	1.71	1.95	6.14	1.72	6.7
2.64	0.0484	2.86	1.71	1.95	6.13	1.72	6.69
2.64	0.0482	2.86	1.7	1.95	6.12	1.71	6.68
2.63	0.048	2.85	1.69	1.94	6.11	1.71	6.68
2.63	0.0477	2.85	1.68	1.94	6.11	1.71	6.67
2.63	0.0475	2.84	1.68	1.94	6.1	1.71	6.66
2.62	0.0473	2.84	1.67	1.93	6.09	1.7	6.66
2.62	0.0471	2.84	1.66	1.93	6.08	1.7	6.65
2.61	0.0469	2.83	1.65	1.93	6.08	1.7	6.64
2.61	0.0467	2.83	1.65	1.92	6.07	1.69	6.63
2.6	0.0465	2.82	1.64	1.92	6.06	1.69	6.63
2.6	0.0463	2.82	1.63	1.92	6.06	1.69	6.62
2.59	0.046	2.81	1.62	1.91	6.05	1.69	6.61
2.59	0.0458	2.81	1.62	1.91	6.04	1.68	6.61
2.59	0.0456	2.8	1.61	1.91	6.04	1.68	6.6
2.58	0.0454	2.8	1.6	1.9	6.03	1.68	6.59
2.58	0.0452	2.79	1.6	1.9	6.02	1.67	6.59
2.57	0.045	2.79	1.59	1.9	6.02	1.67	6.58
2.57	0.0448	2.79	1.58	1.9	6.01	1.67	6.57
2.56	0.0446	2.78	1.57	1.89	6	1.67	6.57
2.56	0.0444	2.78	1.57	1.89	6	1.66	6.56
2.56	0.0442	2.77	1.56	1.89	5.99	1.66	6.55
2.55	0.044	2.77	1.55	1.88	5.98	1.66	6.55
2.55	0.0438	2.76	1.55	1.88	5.98	1.66	6.54
2.54	0.0436	2.76	1.54	1.88	5.97	1.65	6.53
2.54	0.0434	2.75	1.53	1.87	5.97	1.65	6.53
2.54	0.0432	2.75	1.53	1.87	5.96	1.65	6.52
2.53	0.043	2.74	1.52	1.87	5.95	1.64	6.52
2.53	0.0428	2.74	1.51	1.86	5.95	1.64	6.51
2.52	0.0427	2.74	1.5	1.86	5.94	1.64	6.5
2.52	0.0425	2.73	1.5	1.86	5.93	1.64	6.5
2.51	0.0423	2.73	1.49	1.85	5.93	1.63	6.49
2.51	0.0421	2.72	1.48	1.85	5.92	1.63	6.48
2.51	0.0419	2.72	1.48	1.85	5.92	1.63	6.48
2.5	0.0417	2.71	1.47	1.85	5.91	1.63	6.47
2.5	0.0415	2.71	1.46	1.84	5.91	1.62	6.47
2.49	0.0413	2.7	1.46	1.84	5.9	1.62	6.46
2.49	0.0411	2.7	1.45	1.84	5.89	1.62	6.45
2.49	0.041	2.7	1.44	1.83	5.89	1.61	6.45
2.48	0.0408	2.69	1.44	1.83	5.88	1.61	6.44
2.48	0.0406	2.69	1.43	1.83	5.88	1.61	6.44
2.47	0.0404	2.68	1.43	1.82	5.87	1.61	6.43
2.47	0.0402	2.68	1.42	1.82	5.87	1.6	6.43
2.46	0.04	2.67	1.41	1.82	5.86	1.6	6.42
2.46	0.0399	2.67	1.41	1.81	5.85	1.6	6.41
2.46	0.0397	2.66	1.4	1.81	5.85	1.6	6.41
2.45	0.0395	2.66	1.39	1.81	5.84	1.59	6.4
2.45	0.0393	2.66	1.39	1.81	5.84	1.59	6.4
2.44	0.0392	2.65	1.38	1.8	5.83	1.59	6.39
2.44	0.039	2.65	1.37	1.8	5.83	1.59	6.39
2.44	0.0388	2.64	1.37	1.8	5.82	1.58	6.38
2.43	0.0386	2.64	1.36	1.79	5.82	1.58	6.37
2.43	0.0385	2.63	1.36	1.79	5.81	1.58	6.37
2.42	0.0383	2.63	1.35	1.79	5.81	1.57	6.36
2.42	0.0381	2.62	1.34	1.78	5.8	1.57	6.36
2.42	0.0379	2.62	1.34	1.78	5.8	1.57	6.35
2.41	0.0378	2.62	1.33	1.78	5.79	1.57	6.35
2.41	0.0376	2.61	1.33	1.78	5.79	1.56	6.34
2.4	0.0374	2.61	1.32	1.77	5.78	1.56	6.34
2.4	0.0373	2.6	1.31	1.77	5.78	1.56	6.33
2.4	0.0371	2.6	1.31	1.77	5.77	1.56	6.33
2.39	0.0369	2.59	1.3	1.76	5.77	1.55	6.32
2.39	0.0368	2.59	1.3	1.76	5.76	1.55	6.32
2.38	0.0366	2.59	1.29	1.76	5.76	1.55	6.31
2.38	0.0364	2.58	1.29	1.76	5.75	1.55	6.31
2.38	0.0363	2.58	1.28	1.75	5.75	1.54	6.3
2.37	0.0361	2.57	1.27	1.75	5.75	1.54	6.3
2.37	0.0359	2.57	1.27	1.75	5.74	1.54	6.29
2.36	0.0358	2.56	1.26	1.74	5.74	1.54	6.29
2.36	0.0356	2.56	1.26	1.74	5.73	1.53	6.28
2.36	0.0355	2.56	1.25	1.74	5.73	1.53	6.28
2.35	0.0353	2.55	1.25	1.73	5.72	1.53	6.27
2.35	0.0351	2.55	1.24	1.73	5.72	1.53	6.27
2.34	0.035	2.54	1.23	1.73	5.71	1.52	6.26
2.34	0.0348	2.54	1.23	1.73	5.71	1.52	6.26
2.34	0.0347	2.53	1.22	1.72	5.7	1.52	6.25
2.33	0.0345	2.53	1.22	1.72	5.7	1.52	6.25
2.33	0.0344	2.53	1.21	1.72	5.7	1.51	6.24
2.32	0.0342	2.52	1.21	1.71	5.69	1.51	6.24
2.32	0.034	2.52	1.2	1.71	5.69	1.51	6.23
2.32	0.0339	2.51	1.2	1.71	5.68	1.51	6.23
2.31	0.0337	2.51	1.19	1.71	5.68	1.5	6.22
2.31	0.0336	2.51	1.19	1.7	5.68	1.5	6.22
2.31	0.0334	2.5	1.18	1.7	5.67	1.5	6.22
2.3	0.0333	2.5	1.17	1.7	5.67	1.5	6.21
2.3	0.0331	2.49	1.17	1.69	5.66	1.49	6.21
2.29	0.033	2.49	1.16	1.69	5.66	1.49	6.2
2.29	0.0328	2.48	1.16	1.69	5.66	1.49	6.2
2.29	0.0327	2.48	1.15	1.69	5.65	1.49	6.19
2.28	0.0326	2.48	1.15	1.68	5.65	1.48	6.19
2.28	0.0324	2.47	1.14	1.68	5.64	1.48	6.18
2.28	0.0323	2.47	1.14	1.68	5.64	1.48	6.18
2.27	0.0321	2.46	1.13	1.68	5.64	1.48	6.18
2.27	0.032	2.46	1.13	1.67	5.63	1.47	6.17
2.26	0.0318	2.46	1.12	1.67	5.63	1.47	6.17
2.26	0.0317	2.45	1.12	1.67	5.62	1.47	6.16
2.26	0.0315	2.45	1.11	1.66	5.62	1.47	6.16
2.25	0.0314	2.44	1.11	1.66	5.62	1.46	6.15
2.25	0.0313	2.44	1.1	1.66	5.61	1.46	6.15
2.24	0.0311	2.44	1.1	1.66	5.61	1.46	6.15
2.24	0.031	2.43	1.09	1.65	5.61	1.46	6.14
2.24	0.0308	2.43	1.09	1.65	5.6	1.45	6.14
2.23	0.0307	2.42	1.08	1.65	5.6	1.45	6.13
2.23	0.0306	2.42	1.08	1.64	5.6	1.45	6.13
2.23	0.0304	2.41	1.07	1.64	5.59	1.45	6.13
2.22	0.0303	2.41	1.07	1.64	5.59	1.44	6.12
2.22	0.0302	2.41	1.06	1.64	5.59	1.44	6.12
2.22	0.03	2.4	1.06	1.63	5.58	1.44	6.11
2.21	0.0299	2.4	1.05	1.63	5.58	1.44	6.11
2.21	0.0297	2.39	1.05	1.63	5.58	1.43	6.11
2.2	0.0296	2.39	1.04	1.63	5.57	1.43	6.1
2.2	0.0295	2.39	1.04	1.62	5.57	1.43	6.1
2.2	0.0293	2.38	1.04	1.62	5.56	1.43	6.09
2.19	0.0292	2.38	1.03	1.62	5.56	1.42	6.09
2.19	0.0291	2.38	1.03	1.61	5.56	1.42	6.09
2.19	0.029	2.37	1.02	1.61	5.56	1.42	6.08
2.18	0.0288	2.37	1.02	1.61	5.55	1.42	6.08
2.18	0.0287	2.36	1.01	1.61	5.55	1.42	6.07
2.17	0.0286	2.36	1.01	1.6	5.55	1.41	6.07
2.17	0.0284	2.36	1	1.6	5.54	1.41	6.07
2.17	0.0283	2.35	0.999	1.6	5.54	1.41	6.06
2.16	0.0282	2.35	0.994	1.6	5.54	1.41	6.06
2.16	0.0281	2.34	0.99	1.59	5.53	1.4	6.06
2.16	0.0279	2.34	0.985	1.59	5.53	1.4	6.05
2.15	0.0278	2.34	0.981	1.59	5.53	1.4	6.05
2.15	0.0277	2.33	0.976	1.59	5.52	1.4	6.04
2.15	0.0276	2.33	0.972	1.58	5.52	1.39	6.04
2.14	0.0274	2.32	0.968	1.58	5.52	1.39	6.04
2.14	0.0273	2.32	0.963	1.58	5.52	1.39	6.03
2.14	0.0272	2.32	0.959	1.58	5.51	1.39	6.03
2.13	0.0271	2.31	0.955	1.57	5.51	1.39	6.03
2.13	0.0269	2.31	0.95	1.57	5.51	1.38	6.02
2.12	0.0268	2.3	0.946	1.57	5.5	1.38	6.02
2.12	0.0267	2.3	0.942	1.56	5.5	1.38	6.02
2.12	0.0266	2.3	0.938	1.56	5.5	1.38	6.01
2.11	0.0265	2.29	0.933	1.56	5.49	1.37	6.01
2.11	0.0263	2.29	0.929	1.56	5.49	1.37	6.01
2.11	0.0262	2.29	0.925	1.55	5.49	1.37	6
2.1	0.0261	2.28	0.921	1.55	5.49	1.37	6
2.1	0.026	2.28	0.917	1.55	5.48	1.36	6
2.1	0.0259	2.27	0.913	1.55	5.48	1.36	5.99
2.09	0.0258	2.27	0.908	1.54	5.48	1.36	5.99
2.09	0.0256	2.27	0.904	1.54	5.48	1.36	5.99
2.09	0.0255	2.26	0.9	1.54	5.47	1.36	5.98
2.08	0.0254	2.26	0.896	1.54	5.47	1.35	5.98
2.08	0.0253	2.26	0.892	1.53	5.47	1.35	5.98
2.08	0.0252	2.25	0.888	1.53	5.47	1.35	5.97
2.07	0.0251	2.25	0.884	1.53	5.46	1.35	5.97
2.07	0.025	2.24	0.88	1.53	5.46	1.34	5.97
2.07	0.0248	2.24	0.876	1.52	5.46	1.34	5.96
2.06	0.0247	2.24	0.872	1.52	5.45	1.34	5.96
2.06	0.0246	2.23	0.868	1.52	5.45	1.34	5.96
2.06	0.0245	2.23	0.865	1.52	5.45	1.34	5.95
2.05	0.0244	2.23	0.861	1.51	5.45	1.33	5.95
2.05	0.0243	2.22	0.857	1.51	5.45	1.33	5.95
2.04	0.0242	2.22	0.853	1.51	5.44	1.33	5.94
2.04	0.0241	2.21	0.849	1.51	5.44	1.33	5.94
2.04	0.024	2.21	0.845	1.5	5.44	1.32	5.94
2.03	0.0239	2.21	0.842	1.5	5.44	1.32	5.93
2.03	0.0237	2.2	0.838	1.5	5.43	1.32	5.93
2.03	0.0236	2.2	0.834	1.5	5.43	1.32	5.93
2.02	0.0235	2.2	0.83	1.49	5.43	1.32	5.93
2.02	0.0234	2.19	0.826	1.49	5.43	1.31	5.92
2.02	0.0233	2.19	0.823	1.49	5.42	1.31	5.92
2.01	0.0232	2.19	0.819	1.49	5.42	1.31	5.92
2.01	0.0231	2.18	0.815	1.48	5.42	1.31	5.91
2.01	0.023	2.18	0.812	1.48	5.42	1.3	5.91
2	0.0229	2.17	0.808	1.48	5.41	1.3	5.91
2	0.0228	2.17	0.804	1.48	5.41	1.3	5.91
2	0.0227	2.17	0.801	1.47	5.41	1.3	5.9
1.99	0.0226	2.16	0.797	1.47	5.41	1.3	5.9
1.99	0.0225	2.16	0.794	1.47	5.41	1.29	5.9
1.99	0.0224	2.16	0.79	1.47	5.4	1.29	5.89
1.98	0.0223	2.15	0.787	1.46	5.4	1.29	5.89
1.98	0.0222	2.15	0.783	1.46	5.4	1.29	5.89
1.98	0.0221	2.15	0.779	1.46	5.4	1.29	5.89
1.97	0.022	2.14	0.776	1.46	5.39	1.28	5.88
1.97	0.0219	2.14	0.772	1.45	5.39	1.28	5.88
1.97	0.0218	2.13	0.769	1.45	5.39	1.28	5.88
1.96	0.0217	2.13	0.766	1.45	5.39	1.28	5.87
1.96	0.0216	2.13	0.762	1.45	5.39	1.27	5.87
1.96	0.0215	2.12	0.759	1.44	5.38	1.27	5.87
1.95	0.0214	2.12	0.755	1.44	5.38	1.27	5.87
1.95	0.0213	2.12	0.752	1.44	5.38	1.27	5.86
1.95	0.0212	2.11	0.749	1.44	5.38	1.27	5.86
1.95	0.0211	2.11	0.745	1.43	5.38	1.26	5.86
1.94	0.021	2.11	0.742	1.43	5.37	1.26	5.85
1.94	0.0209	2.1	0.738	1.43	5.37	1.26	5.85
1.94	0.0208	2.1	0.735	1.43	5.37	1.26	5.85
1.93	0.0207	2.1	0.732	1.43	5.37	1.26	5.85
1.93	0.0207	2.09	0.729	1.42	5.37	1.25	5.84
1.93	0.0206	2.09	0.725	1.42	5.36	1.25	5.84
1.92	0.0205	2.09	0.722	1.42	5.36	1.25	5.84
1.92	0.0204	2.08	0.719	1.42	5.36	1.25	5.84
1.92	0.0203	2.08	0.716	1.41	5.36	1.24	5.83
1.91	0.0202	2.08	0.712	1.41	5.36	1.24	5.83
1.91	0.0201	2.07	0.709	1.41	5.36	1.24	5.83
1.91	0.02	2.07	0.706	1.41	5.35	1.24	5.83
1.9	0.0199	2.06	0.703	1.4	5.35	1.24	5.82
1.9	0.0198	2.06	0.7	1.4	5.35	1.23	5.82
1.9	0.0197	2.06	0.696	1.4	5.35	1.23	5.82
1.89	0.0197	2.05	0.693	1.4	5.35	1.23	5.82
1.89	0.0196	2.05	0.69	1.39	5.34	1.23	5.81
1.89	0.0195	2.05	0.687	1.39	5.34	1.23	5.81
1.88	0.0194	2.04	0.684	1.39	5.34	1.22	5.81
1.88	0.0193	2.04	0.681	1.39	5.34	1.22	5.81
1.88	0.0192	2.04	0.678	1.39	5.34	1.22	5.8
1.88	0.0191	2.03	0.675	1.38	5.34	1.22	5.8
1.87	0.019	2.03	0.672	1.38	5.33	1.22	5.8
1.87	0.019	2.03	0.669	1.38	5.33	1.21	5.8
1.87	0.0189	2.02	0.666	1.38	5.33	1.21	5.79
1.86	0.0188	2.02	0.663	1.37	5.33	1.21	5.79
1.86	0.0187	2.02	0.66	1.37	5.33	1.21	5.79
1.86	0.0186	2.01	0.657	1.37	5.33	1.21	5.79
1.85	0.0185	2.01	0.654	1.37	5.32	1.2	5.78
1.85	0.0185	2.01	0.651	1.36	5.32	1.2	5.78
1.85	0.0184	2	0.648	1.36	5.32	1.2	5.78
1.84	0.0183	2	0.645	1.36	5.32	1.2	5.78
1.84	0.0182	2	0.642	1.36	5.32	1.2	5.78
1.84	0.0181	1.99	0.639	1.36	5.32	1.19	5.77
1.84	0.018	1.99	0.636	1.35	5.31	1.19	5.77
1.83	0.018	1.99	0.634	1.35	5.31	1.19	5.77
1.83	0.0179	1.98	0.631	1.35	5.31	1.19	5.77
1.83	0.0178	1.98	0.628	1.35	5.31	1.19	5.76
1.82	0.0177	1.98	0.625	1.34	5.31	1.18	5.76
1.82	0.0176	1.97	0.622	1.34	5.31	1.18	5.76
1.82	0.0176	1.97	0.619	1.34	5.31	1.18	5.76
1.81	0.0175	1.97	0.617	1.34	5.3	1.18	5.75
1.81	0.0174	1.96	0.614	1.34	5.3	1.18	5.75
1.81	0.0173	1.96	0.611	1.33	5.3	1.17	5.75
1.8	0.0172	1.96	0.608	1.33	5.3	1.17	5.75
1.8	0.0172	1.95	0.606	1.33	5.3	1.17	5.75
1.8	0.0171	1.95	0.603	1.33	5.3	1.17	5.74
1.8	0.017	1.95	0.6	1.32	5.3	1.17	5.74
1.79	0.0169	1.94	0.598	1.32	5.29	1.16	5.74
1.79	0.0169	1.94	0.595	1.32	5.29	1.16	5.74
1.79	0.0168	1.94	0.592	1.32	5.29	1.16	5.74
1.78	0.0167	1.93	0.59	1.32	5.29	1.16	5.73
1.78	0.0166	1.93	0.587	1.31	5.29	1.16	5.73
1.78	0.0166	1.93	0.584	1.31	5.29	1.16	5.73
1.77	0.0165	1.93	0.582	1.31	5.29	1.15	5.73
1.77	0.0164	1.92	0.579	1.31	5.28	1.15	5.72
1.77	0.0163	1.92	0.576	1.3	5.28	1.15	5.72
1.77	0.0163	1.92	0.574	1.3	5.28	1.15	5.72
1.76	0.0162	1.91	0.571	1.3	5.28	1.15	5.72
1.76	0.0161	1.91	0.569	1.3	5.28	1.14	5.72
1.76	0.016	1.91	0.566	1.3	5.28	1.14	5.71
1.75	0.016	1.9	0.564	1.29	5.28	1.14	5.71
1.75	0.0159	1.9	0.561	1.29	5.27	1.14	5.71
1.75	0.0158	1.9	0.559	1.29	5.27	1.14	5.71
1.75	0.0158	1.89	0.556	1.29	5.27	1.13	5.71
1.74	0.0157	1.89	0.554	1.29	5.27	1.13	5.7
1.74	0.0156	1.89	0.551	1.28	5.27	1.13	5.7
1.74	0.0155	1.88	0.549	1.28	5.27	1.13	5.7
1.73	0.0155	1.88	0.546	1.28	5.27	1.13	5.7
1.73	0.0154	1.88	0.544	1.28	5.27	1.12	5.7
1.73	0.0153	1.87	0.541	1.27	5.26	1.12	5.69
1.73	0.0153	1.87	0.539	1.27	5.26	1.12	5.69
1.72	0.0152	1.87	0.536	1.27	5.26	1.12	5.69
1.72	0.0151	1.87	0.534	1.27	5.26	1.12	5.69
1.72	0.0151	1.86	0.532	1.27	5.26	1.12	5.69
1.71	0.015	1.86	0.529	1.26	5.26	1.11	5.68
1.71	0.0149	1.86	0.527	1.26	5.26	1.11	5.68
1.71	0.0149	1.85	0.524	1.26	5.26	1.11	5.68
1.71	0.0148	1.85	0.522	1.26	5.25	1.11	5.68
1.7	0.0147	1.85	0.52	1.26	5.25	1.11	5.68
1.7	0.0147	1.84	0.517	1.25	5.25	1.1	5.68
1.7	0.0146	1.84	0.515	1.25	5.25	1.1	5.67
1.69	0.0145	1.84	0.513	1.25	5.25	1.1	5.67
1.69	0.0145	1.83	0.51	1.25	5.25	1.1	5.67
1.69	0.0144	1.83	0.508	1.25	5.25	1.1	5.67
1.69	0.0143	1.83	0.506	1.24	5.25	1.1	5.67
1.68	0.0143	1.83	0.504	1.24	5.25	1.09	5.66
1.68	0.0142	1.82	0.501	1.24	5.24	1.09	5.66
1.68	0.0141	1.82	0.499	1.24	5.24	1.09	5.66
1.67	0.0141	1.82	0.497	1.24	5.24	1.09	5.66
1.67	0.014	1.81	0.495	1.23	5.24	1.09	5.66
1.67	0.014	1.81	0.492	1.23	5.24	1.08	5.66
1.67	0.0139	1.81	0.49	1.23	5.24	1.08	5.65
1.66	0.0138	1.8	0.488	1.23	5.24	1.08	5.65
1.66	0.0138	1.8	0.486	1.22	5.24	1.08	5.65
1.66	0.0137	1.8	0.484	1.22	5.24	1.08	5.65
1.65	0.0136	1.8	0.481	1.22	5.23	1.08	5.65
1.65	0.0136	1.79	0.479	1.22	5.23	1.07	5.64
1.65	0.0135	1.79	0.477	1.22	5.23	1.07	5.64
1.65	0.0135	1.79	0.475	1.21	5.23	1.07	5.64
1.64	0.0134	1.78	0.473	1.21	5.23	1.07	5.64
1.64	0.0133	1.78	0.471	1.21	5.23	1.07	5.64
1.64	0.0133	1.78	0.469	1.21	5.23	1.06	5.64
1.64	0.0132	1.77	0.466	1.21	5.23	1.06	5.63
1.63	0.0132	1.77	0.464	1.2	5.23	1.06	5.63
1.63	0.0131	1.77	0.462	1.2	5.23	1.06	5.63
1.63	0.013	1.77	0.46	1.2	5.22	1.06	5.63
1.62	0.013	1.76	0.458	1.2	5.22	1.06	5.63
1.62	0.0129	1.76	0.456	1.2	5.22	1.05	5.63
1.62	0.0129	1.76	0.454	1.19	5.22	1.05	5.62
1.62	0.0128	1.75	0.452	1.19	5.22	1.05	5.62
1.61	0.0128	1.75	0.45	1.19	5.22	1.05	5.62
1.61	0.0127	1.75	0.448	1.19	5.22	1.05	5.62
1.61	0.0126	1.75	0.446	1.19	5.22	1.05	5.62
1.61	0.0126	1.74	0.444	1.18	5.22	1.04	5.62
1.6	0.0125	1.74	0.442	1.18	5.22	1.04	5.61
1.6	0.0125	1.74	0.44	1.18	5.22	1.04	5.61
1.6	0.0124	1.73	0.438	1.18	5.21	1.04	5.61
1.6	0.0124	1.73	0.436	1.18	5.21	1.04	5.61
1.59	0.0123	1.73	0.434	1.17	5.21	1.03	5.61
1.59	0.0122	1.72	0.432	1.17	5.21	1.03	5.61
1.59	0.0122	1.72	0.43	1.17	5.21	1.03	5.6
1.58	0.0121	1.72	0.428	1.17	5.21	1.03	5.6
1.58	0.0121	1.72	0.426	1.17	5.21	1.03	5.6
1.58	0.012	1.71	0.424	1.17	5.21	1.03	5.6
1.58	0.012	1.71	0.422	1.16	5.21	1.02	5.6
1.57	0.0119	1.71	0.421	1.16	5.21	1.02	5.6
1.57	0.0119	1.7	0.419	1.16	5.21	1.02	5.59
1.57	0.0118	1.7	0.417	1.16	5.2	1.02	5.59
1.57	0.0118	1.7	0.415	1.16	5.2	1.02	5.59
1.56	0.0117	1.7	0.413	1.15	5.2	1.02	5.59
1.56	0.0117	1.69	0.411	1.15	5.2	1.01	5.59
1.56	0.0116	1.69	0.409	1.15	5.2	1.01	5.59
1.56	0.0116	1.69	0.407	1.15	5.2	1.01	5.59
1.55	0.0115	1.69	0.406	1.15	5.2	1.01	5.58
1.55	0.0114	1.68	0.404	1.14	5.2	1.01	5.58
1.55	0.0114	1.68	0.402	1.14	5.2	1.01	5.58
1.55	0.0113	1.68	0.4	1.14	5.2	1	5.58
1.54	0.0113	1.67	0.398	1.14	5.2	1	5.58
1.54	0.0112	1.67	0.397	1.14	5.2	1	5.58
1.54	0.0112	1.67	0.395	1.13	5.19	0.999	5.57
1.54	0.0111	1.67	0.393	1.13	5.19	0.998	5.57
1.53	0.0111	1.66	0.391	1.13	5.19	0.996	5.57
1.53	0.011	1.66	0.39	1.13	5.19	0.994	5.57
1.53	0.011	1.66	0.388	1.13	5.19	0.993	5.57
1.53	0.0109	1.65	0.386	1.13	5.19	0.991	5.57
1.52	0.0109	1.65	0.384	1.12	5.19	0.989	5.57
1.52	0.0108	1.65	0.383	1.12	5.19	0.988	5.56
1.52	0.0108	1.65	0.381	1.12	5.19	0.986	5.56
1.52	0.0107	1.64	0.379	1.12	5.19	0.984	5.56
1.51	0.0107	1.64	0.377	1.12	5.19	0.983	5.56
1.51	0.0107	1.64	0.376	1.11	5.19	0.981	5.56
1.51	0.0106	1.64	0.374	1.11	5.19	0.979	5.56
1.51	0.0106	1.63	0.372	1.11	5.18	0.978	5.56
1.5	0.0105	1.63	0.371	1.11	5.18	0.976	5.55
1.5	0.0105	1.63	0.369	1.11	5.18	0.975	5.55
1.5	0.0104	1.62	0.367	1.1	5.18	0.973	5.55
1.5	0.0104	1.62	0.366	1.1	5.18	0.971	5.55
1.49	0.0103	1.62	0.364	1.1	5.18	0.97	5.55
1.49	0.0103	1.62	0.362	1.1	5.18	0.968	5.55
1.49	0.0102	1.61	0.361	1.1	5.18	0.966	5.55
1.49	0.0102	1.61	0.359	1.1	5.18	0.965	5.54
1.48	0.0101	1.61	0.358	1.09	5.18	0.963	5.54
1.48	0.0101	1.61	0.356	1.09	5.18	0.962	5.54
1.48	0.01	1.6	0.354	1.09	5.18	0.96	5.54
1.48	0.01	1.6	0.353	1.09	5.18	0.958	5.54
1.47	0.00996	1.6	0.351	1.09	5.18	0.957	5.54
1.47	0.00991	1.59	0.35	1.08	5.17	0.955	5.54
1.47	0.00987	1.59	0.348	1.08	5.17	0.954	5.54
1.47	0.00982	1.59	0.346	1.08	5.17	0.952	5.53
1.46	0.00978	1.59	0.345	1.08	5.17	0.951	5.53
1.46	0.00973	1.58	0.343	1.08	5.17	0.949	5.53
1.46	0.00969	1.58	0.342	1.08	5.17	0.947	5.53
1.46	0.00965	1.58	0.34	1.07	5.17	0.946	5.53
1.45	0.0096	1.58	0.339	1.07	5.17	0.944	5.53
1.45	0.00956	1.57	0.337	1.07	5.17	0.943	5.53
1.45	0.00952	1.57	0.336	1.07	5.17	0.941	5.52
1.45	0.00947	1.57	0.334	1.07	5.17	0.939	5.52
1.44	0.00943	1.57	0.333	1.06	5.17	0.938	5.52
1.44	0.00939	1.56	0.331	1.06	5.17	0.936	5.52
1.44	0.00935	1.56	0.33	1.06	5.17	0.935	5.52
1.44	0.0093	1.56	0.328	1.06	5.17	0.933	5.52
1.43	0.00926	1.56	0.327	1.06	5.16	0.932	5.52
1.43	0.00922	1.55	0.325	1.06	5.16	0.93	5.52
1.43	0.00918	1.55	0.324	1.05	5.16	0.929	5.51
1.43	0.00914	1.55	0.322	1.05	5.16	0.927	5.51
1.42	0.0091	1.55	0.321	1.05	5.16	0.926	5.51
1.42	0.00906	1.54	0.319	1.05	5.16	0.924	5.51
1.42	0.00902	1.54	0.318	1.05	5.16	0.922	5.51
1.42	0.00898	1.54	0.317	1.05	5.16	0.921	5.51
1.42	0.00894	1.53	0.315	1.04	5.16	0.919	5.51
1.41	0.00889	1.53	0.314	1.04	5.16	0.918	5.51
1.41	0.00885	1.53	0.312	1.04	5.16	0.916	5.5
1.41	0.00882	1.53	0.311	1.04	5.16	0.915	5.5
1.41	0.00878	1.52	0.31	1.04	5.16	0.913	5.5
1.4	0.00874	1.52	0.308	1.04	5.16	0.912	5.5
1.4	0.0087	1.52	0.307	1.03	5.16	0.91	5.5
1.4	0.00866	1.52	0.305	1.03	5.16	0.909	5.5
1.4	0.00862	1.51	0.304	1.03	5.16	0.907	5.5
1.39	0.00858	1.51	0.303	1.03	5.15	0.906	5.5
1.39	0.00854	1.51	0.301	1.03	5.15	0.904	5.49
1.39	0.0085	1.51	0.3	1.02	5.15	0.903	5.49
1.39	0.00846	1.5	0.299	1.02	5.15	0.901	5.49
1.38	0.00843	1.5	0.297	1.02	5.15	0.9	5.49
1.38	0.00839	1.5	0.296	1.02	5.15	0.898	5.49
1.38	0.00835	1.5	0.295	1.02	5.15	0.897	5.49
1.38	0.00831	1.49	0.293	1.02	5.15	0.895	5.49
1.38	0.00828	1.49	0.292	1.01	5.15	0.894	5.49
1.37	0.00824	1.49	0.291	1.01	5.15	0.892	5.48
1.37	0.0082	1.49	0.289	1.01	5.15	0.891	5.48
1.37	0.00817	1.48	0.288	1.01	5.15	0.889	5.48
1.37	0.00813	1.48	0.287	1.01	5.15	0.888	5.48
1.36	0.00809	1.48	0.285	1.01	5.15	0.886	5.48
1.36	0.00806	1.48	0.284	1	5.15	0.885	5.48
1.36	0.00802	1.47	0.283	1	5.15	0.883	5.48
1.36	0.00798	1.47	0.282	1	5.15	0.882	5.48
1.36	0.00795	1.47	0.28	1	5.15	0.88	5.48
1.35	0.00791	1.47	0.279	0.998	5.14	0.879	5.47
1.35	0.00788	1.47	0.278	0.996	5.14	0.877	5.47
1.35	0.00784	1.46	0.277	0.995	5.14	0.876	5.47
1.35	0.00781	1.46	0.275	0.993	5.14	0.875	5.47
1.34	0.00777	1.46	0.274	0.991	5.14	0.873	5.47
1.34	0.00774	1.46	0.273	0.99	5.14	0.872	5.47
1.34	0.0077	1.45	0.272	0.988	5.14	0.87	5.47
1.34	0.00767	1.45	0.27	0.986	5.14	0.869	5.47
1.33	0.00763	1.45	0.269	0.985	5.14	0.867	5.46
1.33	0.0076	1.45	0.268	0.983	5.14	0.866	5.46
1.33	0.00756	1.44	0.267	0.981	5.14	0.864	5.46
1.33	0.00753	1.44	0.266	0.98	5.14	0.863	5.46
1.33	0.0075	1.44	0.264	0.978	5.14	0.862	5.46
1.32	0.00746	1.44	0.263	0.976	5.14	0.86	5.46
1.32	0.00743	1.43	0.262	0.975	5.14	0.859	5.46
1.32	0.00739	1.43	0.261	0.973	5.14	0.857	5.46
1.32	0.00736	1.43	0.26	0.972	5.14	0.856	5.46
1.32	0.00733	1.43	0.259	0.97	5.14	0.854	5.46
1.31	0.0073	1.42	0.257	0.968	5.14	0.853	5.45
1.31	0.00726	1.42	0.256	0.967	5.14	0.852	5.45
1.31	0.00723	1.42	0.255	0.965	5.13	0.85	5.45
1.31	0.0072	1.42	0.254	0.964	5.13	0.849	5.45
1.3	0.00717	1.41	0.253	0.962	5.13	0.847	5.45
1.3	0.00713	1.41	0.252	0.96	5.13	0.846	5.45
1.3	0.0071	1.41	0.251	0.959	5.13	0.844	5.45
1.3	0.00707	1.41	0.249	0.957	5.13	0.843	5.45
1.3	0.00704	1.41	0.248	0.956	5.13	0.842	5.45
1.29	0.00701	1.4	0.247	0.954	5.13	0.84	5.44
1.29	0.00697	1.4	0.246	0.952	5.13	0.839	5.44
1.29	0.00694	1.4	0.245	0.951	5.13	0.837	5.44
1.29	0.00691	1.4	0.244	0.949	5.13	0.836	5.44
1.28	0.00688	1.39	0.243	0.948	5.13	0.835	5.44
1.28	0.00685	1.39	0.242	0.946	5.13	0.833	5.44
1.28	0.00682	1.39	0.241	0.944	5.13	0.832	5.44
1.28	0.00679	1.39	0.239	0.943	5.13	0.831	5.44
1.28	0.00676	1.38	0.238	0.941	5.13	0.829	5.44
1.27	0.00673	1.38	0.237	0.94	5.13	0.828	5.44
1.27	0.0067	1.38	0.236	0.938	5.13	0.826	5.43
1.27	0.00667	1.38	0.235	0.937	5.13	0.825	5.43
1.27	0.00664	1.38	0.234	0.935	5.13	0.824	5.43
1.27	0.00661	1.37	0.233	0.934	5.13	0.822	5.43
1.26	0.00658	1.37	0.232	0.932	5.13	0.821	5.43
1.26	0.00655	1.37	0.231	0.93	5.13	0.82	5.43
1.26	0.00652	1.37	0.23	0.929	5.12	0.818	5.43
1.26	0.00649	1.36	0.229	0.927	5.12	0.817	5.43
1.26	0.00646	1.36	0.228	0.926	5.12	0.815	5.43
1.25	0.00643	1.36	0.227	0.924	5.12	0.814	5.42
1.25	0.0064	1.36	0.226	0.923	5.12	0.813	5.42
1.25	0.00637	1.35	0.225	0.921	5.12	0.811	5.42
1.25	0.00634	1.35	0.224	0.92	5.12	0.81	5.42
1.24	0.00632	1.35	0.223	0.918	5.12	0.809	5.42
1.24	0.00629	1.35	0.222	0.917	5.12	0.807	5.42
1.24	0.00626	1.35	0.221	0.915	5.12	0.806	5.42
1.24	0.00623	1.34	0.22	0.914	5.12	0.805	5.42
1.24	0.0062	1.34	0.219	0.912	5.12	0.803	5.42
1.23	0.00618	1.34	0.218	0.91	5.12	0.802	5.42
1.23	0.00615	1.34	0.217	0.909	5.12	0.801	5.42
1.23	0.00612	1.33	0.216	0.907	5.12	0.799	5.41
1.23	0.00609	1.33	0.215	0.906	5.12	0.798	5.41
1.23	0.00607	1.33	0.214	0.904	5.12	0.797	5.41
1.22	0.00604	1.33	0.213	0.903	5.12	0.795	5.41
1.22	0.00601	1.33	0.212	0.901	5.12	0.794	5.41
1.22	0.00598	1.32	0.211	0.9	5.12	0.793	5.41
1.22	0.00596	1.32	0.21	0.898	5.12	0.791	5.41
1.22	0.00593	1.32	0.209	0.897	5.12	0.79	5.41
1.21	0.0059	1.32	0.208	0.895	5.12	0.789	5.41
1.21	0.00588	1.31	0.207	0.894	5.12	0.787	5.41
1.21	0.00585	1.31	0.206	0.892	5.12	0.786	5.4
1.21	0.00582	1.31	0.205	0.891	5.12	0.785	5.4
1.21	0.0058	1.31	0.205	0.889	5.11	0.783	5.4
1.2	0.00577	1.31	0.204	0.888	5.11	0.782	5.4
1.2	0.00575	1.3	0.203	0.887	5.11	0.781	5.4
1.2	0.00572	1.3	0.202	0.885	5.11	0.78	5.4
1.2	0.00569	1.3	0.201	0.884	5.11	0.778	5.4
1.2	0.00567	1.3	0.2	0.882	5.11	0.777	5.4
1.19	0.00564	1.3	0.199	0.881	5.11	0.776	5.4
1.19	0.00562	1.29	0.198	0.879	5.11	0.774	5.4
1.19	0.00559	1.29	0.197	0.878	5.11	0.773	5.4
1.19	0.00557	1.29	0.196	0.876	5.11	0.772	5.39
1.19	0.00554	1.29	0.196	0.875	5.11	0.771	5.39
1.18	0.00552	1.28	0.195	0.873	5.11	0.769	5.39
1.18	0.00549	1.28	0.194	0.872	5.11	0.768	5.39
1.18	0.00547	1.28	0.193	0.87	5.11	0.767	5.39
1.18	0.00544	1.28	0.192	0.869	5.11	0.765	5.39
1.18	0.00542	1.28	0.191	0.868	5.11	0.764	5.39
1.17	0.0054	1.27	0.19	0.866	5.11	0.763	5.39
1.17	0.00537	1.27	0.189	0.865	5.11	0.762	5.39
1.17	0.00535	1.27	0.189	0.863	5.11	0.76	5.39
1.17	0.00532	1.27	0.188	0.862	5.11	0.759	5.39
1.17	0.0053	1.27	0.187	0.86	5.11	0.758	5.38
1.16	0.00527	1.26	0.186	0.859	5.11	0.757	5.38
1.16	0.00525	1.26	0.185	0.857	5.11	0.755	5.38
1.16	0.00523	1.26	0.184	0.856	5.11	0.754	5.38
1.16	0.0052	1.26	0.184	0.855	5.11	0.753	5.38
1.16	0.00518	1.25	0.183	0.853	5.11	0.752	5.38